1 2 505984 0.000000 0.000000
2 2 515968 0.000000 0.000000
3 2 535936 0.000000 0.000000
4 2 545920 0.000000 0.000000
5 2 555904 0.001826 -0.003272
6 2 565888 0.001820 -0.007013
7 2 585856 0.001820 -0.007013
8 2 595840 0.001820 -0.007013
9 2 605824 0.004987 -0.001482
10 2 625792 0.077337 0.006653
11 2 635776 0.252824 0.044998
12 2 645760 0.615100 0.087656
13 2 655744 1.233546 0.112085
14 2 675712 2.146926 0.134138
15 2 685696 3.373387 0.163009
16 2 695680 4.907177 0.110989
17 2 705664 6.721994 0.081210
18 2 725632 8.892501 0.052500
19 2 735616 11.319446 0.018746
20 2 745600 14.119339 -0.007712
21 2 765568 17.216480 0.014363
22 2 775552 20.569849 0.001233
23 2 785536 24.466923 -0.135353
24 2 795520 28.648239 -0.175412
25 2 815488 33.159924 -0.095036
26 2 825472 37.856964 -0.081921
27 2 835456 42.641438 -0.165544
28 2 855424 47.800663 -0.119055
29 2 865408 52.988213 -0.035804
30 2 875392 58.387337 -0.080229
31 2 885376 63.737267 -0.154781
32 2 905344 69.254005 -0.055421
33 2 915328 74.767845 0.046500
34 2 925312 80.194450 -0.017934
35 2 945280 85.728401 -0.092750
36 2 955264 91.252029 -0.029908
37 2 965248 96.772011 -0.019572
38 2 975232 102.298710 -0.024216
39 2 995200 107.512010 0.010583
40 3 5184 112.850980 0.019896
41 3 15168 118.044610 -0.084956
42 3 35136 123.351940 -0.043840
43 3 45120 128.574130 0.097833
44 3 55104 133.667940 0.101653
45 3 65088 138.926540 0.055050
46 3 85056 143.914490 0.137135
47 3 95040 149.004880 0.238102
48 3 105024 154.079070 0.204311
49 3 124992 159.016830 0.179711
50 3 134976 163.938220 0.285724
51 3 144960 168.828780 0.402130
52 3 154944 173.886080 0.338373
53 3 174912 178.950290 0.239768
54 3 184896 183.732030 0.321423
55 3 194880 188.584170 0.434140
56 3 204864 193.508180 0.346566
57 3 224832 198.429810 0.314703
58 3 234816 203.249130 0.435563
59 3 244800 208.090910 0.528622
60 3 264768 213.176120 0.461785
61 3 274752 218.156390 0.373476
62 3 284736 223.097140 0.456059
63 3 294720 227.842670 0.514593
64 3 314688 232.553450 0.450774
65 3 324672 237.260860 0.454485
66 3 334656 242.272290 0.592757
67 3 354624 247.382510 0.610854
68 3 364608 252.500700 0.545361
69 3 374592 257.617550 0.525511
70 3 384576 262.529270 0.578436
71 3 404544 267.229000 0.502680
72 3 414528 271.301210 0.485476
73 3 424512 276.173070 0.533445
74 3 444480 281.214320 0.549126
75 3 454464 286.398500 0.454788
76 3 464448 291.566960 0.332564
77 3 474432 296.687010 0.327840
78 3 494400 301.571170 0.312950
79 3 504384 306.769410 0.232147
80 3 514368 312.073060 0.249228
81 3 534336 317.182340 0.334131
82 3 544320 322.346100 0.341916
83 3 554304 327.539120 0.243490
84 3 564288 332.690090 0.222242
85 3 584256 337.746190 0.369813
86 3 594240 342.723390 0.389472
87 3 604224 347.870850 0.340797
88 3 624192 352.840520 0.431816
89 3 634176 357.909790 0.586310
90 3 644160 363.032590 0.526533
91 3 654144 368.002690 0.446343
92 3 674112 372.993320 0.539687
93 3 684096 377.741180 0.594595
94 3 694080 382.369960 0.568031
95 3 704064 387.169070 0.563663
96 3 724032 392.369720 0.706623
97 3 734016 397.498870 0.740612
98 3 744000 402.529600 0.648606
99 3 763968 407.556240 0.624139
100 3 773952 412.459440 0.705345
101 3 783936 417.354160 0.764684
102 3 793920 420.993410 0.769730
103 3 813888 425.414830 0.797692
104 3 823872 430.586610 0.898493
105 3 833856 435.663120 0.793807
106 3 853824 440.780910 0.655394
107 3 863808 445.893190 0.664460
108 3 873792 450.423190 0.764777
109 3 883776 454.111110 0.725345
110 3 903744 457.570830 0.672896
111 3 913728 460.978910 0.664962
112 3 923712 465.421970 0.606865
113 3 943680 470.327120 0.293340
114 3 953664 475.071410 0.058167
115 3 963648 479.460330 0.087373
116 3 973632 483.709960 0.117505
117 3 993600 487.015230 -0.047106
118 4 3584 490.628810 -0.215363
119 4 13568 493.899930 -0.238210
120 4 33536 496.679170 -0.248592
121 4 43520 498.851320 -0.263231
122 4 53504 500.383730 -0.293048
123 4 63488 501.423100 -0.285062
124 4 93440 502.001010 -0.307376
125 4 103424 502.201870 -0.298804
126 4 113408 502.067290 -0.273033
127 4 123392 501.887120 -0.249570
128 4 143360 501.684910 -0.245418
129 4 153344 501.454530 -0.235533
130 4 163328 501.249330 -0.244285
131 4 183296 501.066250 -0.233997
132 4 193280 500.893010 -0.229555
133 4 203264 500.762820 -0.235377
134 4 213248 500.713200 -0.189897
135 4 233216 500.673340 -0.151367
136 4 243200 500.673340 -0.147626
137 4 253184 500.680820 -0.147266
138 4 273152 500.693790 -0.150343
139 4 283136 500.691190 -0.153744
140 4 293120 500.688020 -0.151793
141 4 303104 500.687710 -0.135177
142 4 323072 500.687710 -0.135177
143 4 333056 500.687710 -0.135177
144 4 343040 500.687710 -0.135177
145 4 363008 500.687710 -0.135177
146 4 372992 500.687710 -0.135177
147 4 382976 500.687710 -0.135177
148 4 392960 500.683960 -0.135356
149 4 412928 500.683960 -0.135356
150 4 422912 500.680210 -0.135536
151 4 432896 500.676940 -0.133627
152 4 442880 500.676940 -0.133627
153 4 462848 500.676940 -0.133627
154 4 472832 500.676940 -0.133627
155 4 482816 500.676940 -0.133627
156 4 502784 500.676940 -0.133627
157 4 512768 500.676940 -0.133627
158 4 522752 500.676940 -0.133627
159 4 532736 500.676940 -0.133627
160 4 552704 500.673680 -0.131719
161 4 562688 500.673680 -0.131719
162 4 572672 500.673680 -0.131719
163 4 592640 500.673680 -0.131719
164 4 602624 500.670410 -0.129811
165 4 612608 500.670410 -0.129811
166 4 622592 500.670410 -0.129811
167 4 642560 500.670410 -0.129811
168 4 652544 500.670410 -0.129811
169 4 662528 500.670410 -0.129811
170 4 682496 500.670410 -0.129811
171 4 692480 500.670410 -0.129811
172 4 702464 500.666660 -0.129990
173 4 712448 500.666660 -0.129990
174 4 732416 500.666660 -0.129990
175 4 742400 500.666660 -0.129990
176 4 752384 500.666660 -0.129990
177 4 772352 500.666660 -0.129990
178 4 782336 500.666660 -0.129990
179 4 792320 500.666660 -0.129990
180 4 802304 500.666660 -0.129990
181 4 822272 500.662900 -0.130170
182 4 832256 500.662900 -0.130170
183 4 842240 500.662900 -0.130170
184 4 862208 500.662900 -0.130170
185 4 872192 500.662900 -0.130170
186 4 882176 500.662900 -0.130170
187 4 892160 500.662900 -0.130170
188 4 912128 500.662900 -0.130170
189 4 922112 500.662900 -0.130170
