1246808071.135832 0 0 0 1 0 1 0 44 78 2824 0 0 0 -1 0 -1
1246808071.151833 0 1 0 1 -1 2 65 44 72 2824 -45 45 0 -1 0 -1
1246808071.167804 0 2 1 1 -2 2 75 52 69 2824 -90 90 0 -1 0 -1
1246808071.183816 1 4 -1 1 -3 3 76 54 74 2824 -135 135 0 -7 2 -1
1246808071.199825 3 4 -1 -3 -4 3 78 56 72 2824 -180 180 0 -24 8 -1
1246808071.215809 5 -1 -1 -12 -6 -1 65 43 67 2824 -225 225 0 -48 20 -1
1246808071.231802 17 -1 -8 -20 -11 13 89 51 70 2824 -270 270 0 -61 31 -1
1246808071.231884 38 4 -21 -35 -23 38 81 48 77 2824 -315 315 0 -84 48 -1
1246808071.247804 70 9 -34 -62 -39 69 76 52 89 2824 -360 360 0 -114 69 -1
1246808071.263799 117 13 -58 -99 -64 115 91 48 69 2824 -405 405 0 -151 97 -1
1246808071.279800 173 16 -85 -150 -96 171 84 55 74 2824 -450 450 0 -197 136 -1
1246808071.295844 246 22 -121 -211 -134 238 93 50 76 2824 -495 495 0 -248 181 -1
1246808071.311807 328 27 -155 -279 -181 320 85 48 88 2826 -540 540 0 -311 235 -1
1246808071.311886 428 30 -206 -367 -231 410 63 52 81 2826 -585 585 0 -382 298 -2
1246808071.327805 543 31 -261 -453 -288 516 88 59 96 2826 -630 630 0 -460 371 -3
1246808071.343812 662 31 -328 -564 -350 629 94 61 91 2826 -675 675 0 -548 454 -3
1246808071.359799 802 31 -401 -682 -421 761 81 68 101 2826 -720 652 -34 -644 544 -3
1246808071.375798 946 31 -483 -810 -498 908 102 68 96 2826 -765 629 -68 -750 631 -3
1246808071.391804 1108 31 -577 -940 -571 1056 93 68 83 2826 -810 606 -102 -869 725 -6
1246808071.407803 1271 34 -667 -1066 -652 1227 106 63 73 2825 -855 583 -136 -999 817 -12
1246808071.407889 1453 41 -767 -1204 -734 1401 85 61 79 2825 -904 560 -170 -1138 913 -24
1246808071.423799 1638 55 -861 -1331 -825 1600 83 53 58 2825 -953 537 -204 -1285 1007 -42
1246808071.439856 1817 73 -959 -1467 -914 1804 72 38 72 2825 -1002 514 -238 -1442 1098 -67
1246808071.455808 2014 92 -1059 -1597 -998 2000 84 56 80 2825 -1051 491 -272 -1607 1185 -100
1246808071.471801 2203 120 -1169 -1733 -1098 2225 79 48 97 2825 -1100 468 -306 -1779 1266 -139
1246808071.487805 2404 160 -1280 -1852 -1192 2450 79 53 104 2825 -1149 445 -340 -1961 1340 -185
1246808071.503798 2602 204 -1390 -1961 -1284 2693 79 46 84 2827 -1198 422 -374 -2154 1405 -238
1246808071.503887 2791 247 -1503 -2074 -1373 2928 88 49 65 2827 -1247 399 -408 -2358 1465 -296
1246808071.519801 2996 302 -1614 -2182 -1474 3184 86 39 69 2827 -1296 398 -442 -2564 1525 -359
1246808071.535800 3187 364 -1729 -2286 -1579 3439 98 48 83 2827 -1345 397 -476 -2776 1580 -424
1246808071.551851 3389 432 -1845 -2380 -1668 3684 99 46 102 2827 -1394 396 -510 -2988 1629 -497
1246808071.567801 3583 503 -1958 -2463 -1755 3954 107 49 101 2827 -1443 395 -544 -3208 1672 -575
1246808071.583799 3786 583 -2075 -2546 -1849 4235 103 58 86 2827 -1443 394 -578 -3439 1712 -657
1246808071.583884 3993 670 -2188 -2627 -1960 4539 102 64 61 2834 -1443 393 -612 -3678 1749 -745
1246808071.599824 4198 769 -2291 -2726 -2080 4834 90 43 80 2834 -1443 392 -564 -3914 1792 -841
1246808071.615807 4417 891 -2384 -2832 -2206 5104 95 47 112 2834 -1443 391 -516 -4145 1844 -935
1246808071.631800 4628 1011 -2486 -2934 -2330 5397 103 59 106 2834 -1443 390 -468 -4380 1892 -1020
1246808071.647795 4841 1129 -2587 -3026 -2445 5676 94 60 112 2834 -1424 389 -420 -4616 1933 -1104
1246808071.663803 5059 1230 -2688 -3123 -2569 5975 90 68 78 2834 -1405 388 -452 -4852 1978 -1196
1246808071.679809 5274 1324 -2793 -3246 -2690 6250 105 60 65 2834 -1386 387 -484 -5084 2035 -1287
1246808071.679889 5503 1418 -2896 -3364 -2820 6541 72 41 64 2852 -1367 386 -516 -5313 2094 -1379
1246808071.695798 5723 1508 -3005 -3486 -2945 6825 90 50 72 2852 -1348 385 -548 -5539 2153 -1470
1246808071.711796 5945 1608 -3108 -3606 -3065 7095 82 39 77 2852 -1329 423 -580 -5758 2210 -1564
1246808071.727798 6157 1702 -3205 -3723 -3193 7386 105 47 66 2852 -1310 461 -612 -5978 2273 -1660
1246808071.743857 6378 1796 -3306 -3850 -3305 7642 105 44 61 2852 -1291 499 -644 -6194 2341 -1759
1246808071.759808 6595 1890 -3390 -3976 -3430 7905 95 53 65 2852 -1272 537 -676 -6402 2411 -1861
1246808071.759901 6800 1980 -3486 -4108 -3558 8164 105 45 77 2852 -1253 575 -708 -6608 2483 -1968
1246808071.775799 7016 2074 -3575 -4238 -3683 8406 77 41 79 2878 -1234 551 -740 -6809 2557 -2070
1246808071.791799 7222 2181 -3655 -4380 -3827 8662 105 46 69 2878 -1215 527 -772 -7005 2628 -2172
1246808071.807796 7440 2309 -3726 -4517 -3970 8905 93 56 62 2878 -1196 503 -804 -7199 2698 -2282
1246808071.823800 7656 2453 -3784 -4646 -4127 9161 101 51 70 2878 -1177 479 -836 -7394 2765 -2399
1246808071.839799 7851 2589 -3839 -4775 -4279 9396 83 45 68 2878 -1158 455 -868 -7587 2832 -2528
1246808071.855798 8052 2737 -3881 -4891 -4442 9634 87 41 81 2878 -1182 431 -900 -7776 2899 -2664
1246808071.855881 8231 2879 -3923 -5010 -4605 9853 89 52 92 2878 -1206 407 -932 -7967 2963 -2804
1246808071.871805 8415 3033 -3959 -5122 -4755 10066 88 51 101 2899 -1230 383 -964 -8153 3021 -2943
1246808071.887799 8584 3186 -3991 -5214 -4908 10294 99 56 89 2899 -1221 359 -996 -8336 3066 -3081
1246808071.903826 8755 3354 -4020 -5299 -5057 10513 87 45 80 2899 -1212 335 -1043 -8520 3102 -3225
1246808071.919799 8928 3530 -4045 -5388 -5219 10737 90 42 88 2899 -1203 311 -1090 -8708 3139 -3379
1246808071.935796 9085 3705 -4067 -5480 -5384 10963 100 53 74 2899 -1194 287 -1137 -8895 3174 -3536
1246808071.935885 9250 3905 -4073 -5566 -5548 11163 78 44 85 2899 -1185 263 -1184 -9079 3206 -3703
1246808071.951795 9403 4095 -4078 -5651 -5718 11369 80 47 98 2899 -1176 239 -1231 -9254 3236 -3882
1246808071.967804 9558 4294 -4079 -5723 -5875 11563 80 56 107 2920 -1167 215 -1278 -9424 3258 -4063
1246808071.983797 9708 4492 -4079 -5782 -6034 11768 98 52 102 2920 -1158 226 -1325 -9593 3272 -4248
1246808071.999795 9847 4681 -4079 -5841 -6182 11963 95 43 101 2920 -1149 237 -1372 -9763 3285 -4432
1246808072.015800 9993 4886 -4077 -5901 -6347 12169 94 55 85 2920 -1140 248 -1419 -9937 3299 -4620
1246808072.031795 10139 5093 -4072 -5973 -6521 12378 97 45 74 2920 -1131 259 -1466 -10109 3318 -4811
1246808072.031882 10297 5326 -4055 -6049 -6692 12572 85 54 94 2920 -1122 270 -1500 -10280 3338 -5011
1246808072.047835 10436 5547 -4029 -6126 -6878 12764 85 59 97 2920 -1113 281 -1534 -10449 3364 -5222
1246808072.063801 10573 5776 -3999 -6205 -7051 12934 100 54 96 2948 -1104 292 -1568 -10613 3389 -5433
1246808072.079805 10706 5999 -3974 -6270 -7206 13099 96 56 92 2948 -1095 303 -1602 -10767 3407 -5635
1246808072.095804 10841 6219 -3949 -6339 -7371 13268 103 57 91 2948 -1086 314 -1636 -10921 3424 -5840
1246808072.111800 10986 6454 -3933 -6406 -7552 13457 117 50 74 2948 -1077 325 -1670 -11079 3443 -6049
1246808072.127811 11125 6687 -3905 -6485 -7748 13656 73 60 68 2948 -1068 336 -1704 -11236 3463 -6266
1246808072.127889 11277 6937 -3873 -6578 -7947 13844 75 53 53 2948 -1059 347 -1738 -11392 3488 -6494
1246808072.143799 11421 7187 -3840 -6665 -8154 14028 63 57 67 2948 -1021 358 -1772 -11547 3514 -6726
1246808072.159800 11544 7419 -3779 -6752 -8356 14193 90 53 64 2978 -983 369 -1806 -11695 3540 -6944
1246808072.175803 11676 7665 -3726 -6841 -8554 14349 112 51 77 2978 -945 380 -1840 -11838 3566 -7170
1246808072.191854 11806 7912 -3666 -6938 -8774 14528 103 56 73 2978 -907 391 -1874 -11975 3595 -7400
1246808072.207806 11940 8197 -3601 -7028 -8987 14702 73 59 81 2978 -869 402 -1908 -12106 3623 -7645
1246808072.207904 12066 8471 -3534 -7116 -9214 14875 58 45 69 2978 -831 413 -1942 -12234 3650 -7902
1246808072.223794 12179 8728 -3458 -7206 -9423 15023 96 49 33 2978 -793 442 -1976 -12362 3678 -8148
1246808072.239806 12296 8998 -3373 -7295 -9654 15162 96 52 60 2978 -755 471 -1998 -12486 3710 -8394
1246808072.255803 12415 9268 -3287 -7410 -9893 15306 95 49 67 3008 -717 500 -2020 -12608 3752 -8647
1246808072.271795 12544 9567 -3190 -7532 -10122 15425 75 46 66 3008 -679 529 -2042 -12726 3804 -8907
1246808072.287798 12654 9849 -3074 -7645 -10367 15525 75 51 77 3008 -641 558 -2064 -12828 3856 -9173
1246808072.303797 12752 10157 -2937 -7746 -10597 15599 122 40 73 3008 -603 587 -2086 -12922 3909 -9434
1246808072.303872 12860 10467 -2803 -7853 -10845 15683 95 37 76 3008 -620 616 -2108 -13010 3965 -9698
1246808072.319798 12972 10776 -2666 -7977 -11099 15784 98 45 79 3008 -637 645 -2130 -13098 4028 -9970
1246808072.335794 13088 11125 -2529 -8091 -11349 15881 78 42 84 3008 -654 674 -2152 -13189 4097 -10256
1246808072.351827 13188 11444 -2376 -8206 -11601 15958 91 36 99 3038 -671 703 -2174 -13281 4165 -10545
1246808072.367801 13286 11779 -2217 -8323 -11846 16032 111 51 89 3038 -688 732 -2196 -13367 4225 -10825
1246808072.383817 13404 12124 -2076 -8439 -12114 16132 104 46 64 3038 -705 761 -2181 -13454 4292 -11111
1246808072.383911 13531 12454 -1935 -8576 -12389 16248 86 44 54 3038 -682 790 -2166 -13548 4366 -11401
1246808072.399795 13660 12805 -1796 -8713 -12681 16354 101 55 49 3038 -659 819 -2151 -13645 4447 -11696
1246808072.415800 13773 13127 -1631 -8865 -12979 16424 111 50 68 3038 -636 857 -2136 -13739 4537 -11987
1246808072.431798 13897 13465 -1458 -9033 -13268 16493 101 49 55 3038 -613 895 -2177 -13824 4634 -12269
1246808072.447796 14027 13793 -1306 -9200 -13579 16586 92 38 65 3038 -637 933 -2218 -13904 4739 -12553
1246808072.463796 14169 14152 -1140 -9386 -13890 16669 83 37 56 3038 -661 971 -2259 -13987 4847 -12848
1246808072.479796 14304 14507 -981 -9558 -14215 16733 90 44 71 3038 -685 953 -2300 -14064 4959 -13141
1246808072.479872 14426 14842 -803 -9735 -14531 16797 105 41 84 3038 -709 935 -2341 -14137 5064 -13431
1246808072.495859 14567 15201 -644 -9914 -14845 16880 108 43 73 3038 -733 917 -2382 -14218 5169 -13731
1246808072.511805 14718 15558 -482 -10117 -15195 16985 95 51 97 3038 -757 899 -2423 -14309 5286 -14047
1246808072.527799 14859 15939 -306 -10295 -15505 17075 80 48 112 3038 -781 881 -2464 -14405 5400 -14367
1246808072.543799 14983 16308 -138 -10446 -15834 17176 104 52 91 3065 -805 863 -2505 -14500 5500 -14692
1246808072.559841 15121 16671 36 -10625 -16159 17291 103 44 91 3065 -829 851 -2546 -14599 5597 -15022
1246808072.559973 15283 17065 192 -10800 -16507 17430 109 54 63 3065 -853 839 -2587 -14708 5700 -15364
1246808072.575794 15426 17448 369 -10974 -16855 17552 88 53 62 3065 -877 827 -2628 -14828 5799 -15714
1246808072.591804 15555 17842 552 -11133 -17184 17652 103 45 57 3065 -901 815 -2669 -14952 5889 -16057
1246808072.607794 15697 18230 727 -11304 -17542 17769 87 41 51 3065 -925 803 -2710 -15077 5984 -16412
1246808072.623798 15873 18661 900 -11497 -17894 17888 77 34 71 3065 -949 791 -2687 -15206 6088 -16780
1246808072.639797 16018 19081 1084 -11661 -18253 17995 96 38 77 3091 -973 779 -2664 -15331 6183 -17135
1246808072.655826 16149 19475 1277 -11824 -18615 18107 83 39 77 3091 -997 767 -2641 -15450 6263 -17493
1246808072.655948 16331 19913 1440 -12005 -18963 18245 88 38 74 3091 -1021 755 -2618 -15579 6351 -17856
1246808072.671793 16501 20324 1609 -12199 -19328 18384 82 40 96 3091 -1061 743 -2595 -15718 6448 -18220
1246808072.687797 16635 20751 1801 -12350 -19659 18498 113 39 63 3091 -1101 731 -2572 -15853 6533 -18573
1246808072.703800 16784 21179 1973 -12495 -20013 18641 106 41 53 3091 -1141 719 -2549 -15992 6609 -18931
1246808072.719795 16962 21590 2134 -12674 -20365 18811 83 40 43 3091 -1181 707 -2526 -16150 6696 -19291
1246808072.735811 17132 22013 2297 -12835 -20721 18961 95 45 69 3091 -1221 695 -2503 -16312 6786 -19643
1246808072.750798 17258 22403 2476 -12968 -21067 19091 104 45 61 3118 -1261 683 -2480 -16467 6858 -19990
1246808072.750873 17431 22822 2632 -13130 -21399 19252 95 42 45 3118 -1301 678 -2457 -16627 6930 -20336
1246808072.766797 17619 23212 2767 -13294 -21754 19435 91 53 66 3118 -1341 673 -2434 -16797 7014 -20682
1246808072.782796 17773 23601 2924 -13438 -22071 19582 110 69 78 3118 -1381 668 -2469 -16962 7091 -21022
1246808072.798854 17928 23996 3062 -13560 -22397 19754 96 63 100 3118 -1421 663 -2504 -17127 7154 -21360
1246808072.814817 18117 24373 3181 -13722 -22739 19978 91 63 41 3118 -1461 658 -2539 -17307 7224 -21702
1246808072.830802 18310 24764 3289 -13874 -23071 20185 81 46 41 3118 -1501 696 -2574 -17505 7302 -22044
1246808072.830887 18471 25132 3430 -14016 -23407 20360 104 48 57 3151 -1541 734 -2609 -17701 7374 -22379
1246808072.846798 18662 25522 3555 -14185 -23738 20557 102 40 59 3151 -1581 772 -2601 -17891 7442 -22720
1246808072.862797 18883 25924 3648 -14368 -24092 20788 69 37 57 3151 -1621 810 -2593 -18094 7525 -23067
1246808072.878813 19076 26304 3771 -14545 -24424 20989 111 46 61 3151 -1661 848 -2585 -18297 7609 -23403
1246808072.894808 19258 26689 3889 -14691 -24764 21200 114 39 68 3151 -1701 886 -2577 -18497 7681 -23735
1246808072.910804 19462 27058 3993 -14877 -25115 21439 86 40 38 3151 -1671 924 -2569 -18708 7764 -24070
1246808072.926802 19691 27447 4083 -15077 -25450 21663 93 53 52 3151 -1641 962 -2561 -18928 7868 -24409
1246808072.926885 19883 27807 4189 -15241 -25797 21886 105 54 57 3188 -1611 1000 -2553 -19141 7973 -24745
1246808072.942999 20090 28181 4295 -15420 -26122 22099 94 74 88 3188 -1581 1038 -2545 -19338 8067 -25075
1246808072.958803 20324 28569 4383 -15617 -26476 22341 88 60 86 3188 -1551 1076 -2547 -19536 8179 -25405
1246808072.974801 20556 28932 4476 -15829 -26835 22578 85 54 87 3188 -1521 1072 -2549 -19737 8305 -25740
1246808072.990800 20770 29300 4574 -16009 -27159 22784 114 55 75 3188 -1491 1068 -2551 -19931 8421 -26059
1246808073.006816 20971 29647 4675 -16212 -27510 23005 115 50 67 3188 -1461 1064 -2553 -20123 8530 -26375
1246808073.006910 21221 30027 4765 -16458 -27862 23228 68 39 74 3188 -1431 1060 -2554 -20317 8656 -26704
1246808073.022795 21472 30408 4858 -16689 -28229 23458 72 42 76 3227 -1443 1056 -2555 -20508 8790 -27035
1246808073.038806 21680 30761 4968 -16899 -28564 23647 90 45 82 3227 -1455 1052 -2556 -20693 8908 -27355
1246808073.054799 21900 31135 5071 -17112 -28922 23858 110 59 76 3227 -1467 1048 -2557 -20870 9022 -27672
1246808073.070801 22132 31499 5165 -17355 -29286 24093 81 44 75 3227 -1479 1044 -2558 -21057 9150 -28002
1246808073.086799 22373 31878 5258 -17580 -29628 24315 106 59 73 3227 -1491 1040 -2559 -21257 9285 -28337
1246808073.102835 22569 32237 5365 -17765 -29984 24530 100 61 50 3227 -1503 1036 -2560 -21458 9407 -28657
1246808073.102962 22793 32618 5471 -17987 -30336 24744 116 58 49 3227 -1515 1032 -2561 -21652 9522 -28984
1246808073.118796 23045 33010 5562 -18212 -30716 24984 80 55 67 3265 -1527 1028 -2562 -21850 9652 -29322
1246808073.134799 23264 33379 5675 -18434 -31082 25198 93 58 75 3265 -1539 1024 -2563 -22046 9782 -29658
1246808073.150800 23472 33767 5794 -18618 -31420 25380 113 58 93 3265 -1551 1020 -2564 -22234 9903 -29990
1246808073.166797 23696 34134 5896 -18844 -31783 25614 82 47 45 3265 -1563 1016 -2565 -22428 10015 -30320
1246808073.182795 23943 34512 5985 -19080 -32131 25850 78 47 43 3265 -1575 1012 -2566 -22635 10134 -30654
1246808073.198798 24175 34897 6087 -19283 -32502 26075 86 56 40 3265 -1587 1008 -2567 -22842 10250 -30983
1246808073.198871 24388 35272 6209 -19502 -32857 26283 102 49 60 3265 -1599 1004 -2568 -23030 10367 -31313
1246808073.214811 24630 35668 6303 -19714 -33224 26529 79 52 59 3265 -1611 1000 -2569 -23233 10494 -31650
1246808073.230812 24860 36044 6392 -19924 -33583 26774 81 68 83 3298 -1623 1040 -2570 -23446 10620 -31991
1246808073.246849 25073 36433 6506 -20113 -33920 26988 92 74 58 3298 -1627 1080 -2571 -23651 10731 -32325
1246808073.262800 25275 36795 6612 -20299 -34279 27216 88 54 49 3298 -1631 1120 -2572 -23857 10839 -32651
1246808073.278798 25525 37192 6705 -20528 -34631 27442 90 58 44 3298 -1635 1160 -2557 -24067 10965 -32981
1246808073.278885 25778 37581 6805 -20763 -35011 27670 90 50 81 3298 -1639 1200 -2542 -24274 11107 -33313
1246808073.294798 25983 37944 6931 -20974 -35372 27868 96 48 88 3298 -1643 1240 -2527 -24465 11248 -33632
1246808073.310795 26216 38322 7031 -21195 -35716 28067 104 50 86 3298 -1647 1280 -2512 -24654 11376 -33950
1246808073.326802 26476 38677 7110 -21452 -36073 28319 81 53 77 3330 -1651 1320 -2497 -24855 11519 -34266
1246808073.342794 26737 39048 7185 -21693 -36414 28567 75 52 65 3330 -1655 1360 -2482 -25065 11672 -34580
1246808073.358796 26967 39418 7279 -21905 -36776 28790 106 46 53 3330 -1659 1400 -2467 -25275 11822 -34895
1246808073.374795 27211 39767 7378 -22162 -37133 29011 105 49 57 3330 -1663 1440 -2452 -25472 11971 -35205
1246808073.374876 27492 40135 7452 -22417 -37501 29261 102 60 67 3330 -1667 1480 -2437 -25678 12138 -35514
1246808073.390796 27742 40478 7542 -22669 -37867 29495 84 51 67 3330 -1671 1520 -2422 -25882 12306 -35822
1246808073.406837 27996 40847 7641 -22918 -38217 29702 110 46 83 3330 -1675 1499 -2407 -26077 12478 -36122
1246808073.422810 28260 41187 7725 -23176 -38591 29939 105 42 57 3365 -1679 1478 -2423 -26277 12644 -36420
1246808073.438801 28557 41543 7790 -23472 -38946 30185 81 41 67 3365 -1683 1457 -2439 -26488 12816 -36713
1246808073.454799 28844 41905 7859 -23737 -39318 30430 83 40 56 3365 -1687 1436 -2455 -26700 12993 -37016
1246808073.454882 29092 42244 7946 -23995 -39687 30670 94 45 67 3365 -1680 1415 -2471 -26906 13169 -37318
1246808073.470795 29362 42608 8023 -24241 -40037 30901 94 44 78 3365 -1673 1394 -2487 -27106 13330 -37621
1246808073.486801 29641 42962 8103 -24524 -40413 31163 58 42 73 3365 -1666 1373 -2503 -27312 13498 -37925
1246808073.502799 29918 43339 8187 -24791 -40767 31410 57 30 51 3365 -1659 1352 -2519 -27523 13668 -38241
1246808073.518799 30177 43699 8274 -25027 -41133 31640 96 40 58 3365 -1652 1331 -2535 -27736 13826 -38553
1246808073.534804 30426 44039 8368 -25290 -41488 31859 108 41 76 3396 -1645 1310 -2551 -27938 13975 -38858
1246808073.550873 30718 44408 8441 -25569 -41874 32119 86 41 83 3396 -1638 1289 -2567 -28143 14137 -39174
1246808073.551010 30990 44770 8520 -25847 -42242 32368 66 44 93 3396 -1631 1268 -2583 -28359 14307 -39500
1246808073.566800 31234 45141 8608 -26075 -42589 32592 101 46 88 3396 -1624 1247 -2599 -28566 14464 -39817
1246808073.582800 31458 45491 8692 -26286 -42951 32835 101 44 64 3396 -1617 1226 -2615 -28769 14603 -40140
1246808073.598801 31729 45876 8775 -26543 -43307 33080 64 40 63 3396 -1610 1205 -2631 -28981 14745 -40470
1246808073.614803 32002 46265 8864 -26792 -43689 33325 54 38 72 3396 -1603 1184 -2646 -29197 14898 -40807
1246808073.630893 32227 46627 8975 -27025 -44034 33506 94 40 90 3424 -1596 1163 -2661 -29398 15045 -41135
1246808073.631054 32466 47004 9078 -27251 -44398 33718 97 39 107 3424 -1567 1123 -2676 -29587 15174 -41464
1246808073.646803 32724 47374 9171 -27519 -44766 33953 76 41 99 3424 -1560 1083 -2691 -29787 15314 -41802
1246808073.662805 32991 47772 9263 -27765 -45111 34185 74 36 91 3424 -1553 1043 -2727 -29991 15454 -42143
1246808073.678801 33210 48144 9372 -27957 -45469 34412 98 43 64 3424 -1546 1003 -2763 -30200 15580 -42482
1246808073.695087 33451 48552 9488 -28183 -45824 34628 96 44 65 3424 -1539 963 -2799 -30407 15702 -42834
1246808073.710808 33720 48970 9583 -28418 -46207 34882 73 41 71 3424 -1532 923 -2835 -30617 15830 -43202
1246808073.726798 33955 49363 9686 -28633 -46575 35117 91 48 91 3451 -1525 883 -2871 -30827 15951 -43571
1246808073.726881 34172 49787 9809 -28805 -46913 35321 106 34 60 3451 -1518 843 -2907 -31027 16048 -43934
1246808073.742814 34392 50198 9928 -29000 -47286 35565 84 43 52 3451 -1511 803 -2929 -31229 16143 -44311
1246808073.758797 34647 50639 10042 -29219 -47650 35802 89 39 60 3451 -1504 763 -2951 -31442 16245 -44699
1246808073.774797 34877 51086 10174 -29405 -48031 36032 91 44 69 3451 -1497 723 -2973 -31656 16337 -45083
1246808073.790804 35080 51510 10323 -29588 -48392 36241 102 43 58 3451 -1490 683 -2995 -31859 16411 -45472
1246808073.806797 35321 51978 10457 -29785 -48779 36477 62 40 86 3451 -1483 648 -3017 -32062 16494 -45881
1246808073.822795 35540 52423 10604 -29976 -49158 36709 85 43 81 3451 -1476 613 -3039 -32269 16575 -46282
1246808073.822870 35737 52898 10770 -30126 -49510 36923 85 37 65 3482 -1469 578 -3061 -32473 16635 -46687
1246808073.838806 35941 53374 10912 -30284 -49902 37166 43 37 41 3482 -1462 543 -3083 -32684 16696 -47112
1246808073.854829 36157 53872 11068 -30449 -50275 37390 79 43 55 3482 -1455 508 -3105 -32899 16767 -47533
