1246808342.988850 0 0 0 0 0 0 0 0 0 3054 0 0 0 1 1 -1
1246808343.004838 0 0 0 0 0 0 0 0 0 3054 32 -190 44 1 0 -1
1246808343.004929 0 -1 0 0 3 4 84 0 45 3054 134 -380 88 1 -22 -1
1246808343.020835 -6 4 -3 25 10 13 81 50 47 3054 236 -570 24 9 -59 -1
1246808343.036882 -34 8 -3 69 34 14 90 43 46 3054 338 -760 -40 15 -113 -9
1246808343.052834 -81 11 2 145 74 -1 96 46 50 3054 440 -950 -104 29 -190 -18
1246808343.068836 -153 17 14 252 124 -23 77 44 49 3054 542 -924 -168 48 -293 -32
1246808343.084833 -249 26 43 379 196 -67 90 38 66 3053 478 -898 -232 79 -400 -55
1246808343.084909 -365 39 85 524 267 -124 82 39 64 3053 414 -872 -296 112 -515 -86
1246808343.100830 -486 48 126 679 350 -184 75 58 61 3053 350 -846 -360 146 -638 -129
1246808343.116832 -609 65 177 846 434 -247 89 40 56 3053 286 -820 -424 177 -767 -184
1246808343.132838 -741 102 228 1013 509 -298 112 49 74 3053 222 -794 -488 201 -902 -235
1246808343.147832 -861 156 285 1192 580 -344 88 50 74 3053 158 -768 -552 213 -1043 -297
1246808343.163832 -990 229 355 1384 637 -380 110 44 63 3053 184 -742 -358 216 -1185 -374
1246808343.179834 -1113 313 421 1556 690 -417 98 41 67 3055 210 -596 -164 222 -1329 -438
1246808343.179916 -1225 389 488 1733 736 -454 90 38 69 3055 236 -450 30 232 -1457 -472
1246808343.195849 -1336 450 543 1873 782 -504 83 38 62 3055 262 -304 224 249 -1558 -488
1246808343.211835 -1426 473 590 1978 826 -574 85 40 67 3055 288 -158 418 284 -1629 -488
1246808343.227828 -1510 465 635 2046 868 -654 94 36 64 3055 314 -12 612 333 -1668 -458
1246808343.243832 -1573 413 656 2073 918 -753 85 41 77 3055 340 -182 468 388 -1677 -393
1246808343.259828 -1628 330 662 2076 968 -851 99 41 62 3055 500 -352 324 452 -1692 -324
1246808343.275831 -1684 265 667 2107 1026 -926 95 36 65 3067 660 -522 180 545 -1711 -270
1246808343.275912 -1747 212 666 2151 1092 -994 90 34 67 3067 820 -692 36 641 -1754 -241
1246808343.291833 -1837 158 689 2225 1163 -1085 88 46 59 3067 980 -862 -108 739 -1810 -236
1246808343.307828 -1955 103 723 2315 1250 -1207 91 44 67 3067 1140 -738 90 851 -1880 -237
1246808343.323830 -2089 64 775 2426 1339 -1353 105 49 55 3067 1300 -614 288 985 -1948 -220
1246808343.339861 -2242 20 842 2524 1418 -1526 103 49 68 3067 1460 -490 180 1140 -2008 -179
1246808343.355842 -2402 -27 938 2614 1503 -1746 66 42 81 3067 1620 -366 72 1327 -2057 -139
1246808343.355930 -2579 -66 1055 2693 1566 -1982 95 59 81 3074 1780 -242 116 1537 -2092 -104
1246808343.371826 -2758 -97 1188 2749 1620 -2242 77 42 90 3074 1842 -118 160 1776 -2114 -67
1246808343.387830 -2943 -127 1344 2808 1666 -2518 69 40 51 3074 1904 6 204 2039 -2124 -25
1246808343.403836 -3143 -143 1514 2844 1694 -2844 96 38 55 3074 1954 130 248 2326 -2125 20
1246808343.419830 -3334 -151 1712 2845 1699 -3202 79 49 56 3074 2004 254 162 2619 -2110 61
1246808343.435835 -3536 -155 1927 2846 1703 -3553 93 50 60 3074 2054 378 76 2920 -2075 91
1246808343.451827 -3734 -155 2145 2843 1706 -3934 87 41 47 3074 2104 516 -10 3232 -2026 117
1246808343.451902 -3945 -145 2378 2842 1706 -4300 82 44 44 3065 2154 654 -96 3561 -1965 138
1246808343.467828 -4138 -118 2614 2803 1686 -4696 78 49 50 3065 2204 792 -182 3893 -1889 150
1246808343.483831 -4306 -75 2875 2721 1643 -5100 98 42 73 3065 2254 930 -268 4218 -1788 152
1246808343.499858 -4484 -25 3130 2635 1590 -5475 67 27 60 3065 2304 1068 -354 4551 -1670 149
1246808343.515838 -4642 34 3394 2534 1525 -5868 78 36 50 3065 2312 1206 -440 4885 -1535 145
1246808343.531832 -4791 112 3663 2411 1422 -6242 92 40 57 3065 2320 1128 -526 5208 -1387 129
1246808343.531916 -4925 208 3921 2283 1289 -6629 96 37 82 3065 2328 1050 -612 5519 -1240 101
1246808343.547866 -5053 306 4189 2159 1167 -6979 83 43 65 3042 2336 1124 -480 5830 -1106 67
1246808343.563832 -5184 413 4447 2034 1026 -7356 83 57 48 3042 2344 1198 -348 6142 -969 36
1246808343.579829 -5289 521 4717 1869 859 -7736 75 56 78 3042 2352 1272 -216 6450 -815 3
1246808343.595830 -5394 625 4999 1677 696 -8096 92 49 92 3042 2360 1346 -84 6763 -644 -18
1246808343.611835 -5499 701 5252 1509 547 -8471 110 45 76 3042 2508 1420 48 7087 -464 -21
1246808343.627830 -5602 771 5520 1314 398 -8841 85 39 57 3042 2656 1494 180 7430 -271 -16
1246808343.627979 -5686 846 5773 1091 210 -9252 90 34 61 3042 2804 1568 338 7775 -66 -3
1246808343.643857 -5761 904 6041 848 26 -9661 80 46 75 3042 2952 1642 276 8124 151 26
1246808343.659829 -5852 933 6280 630 -109 -10037 99 46 50 3008 3100 1520 214 8496 372 59
1246808343.675828 -5941 966 6541 395 -264 -10460 105 48 53 3008 3248 1398 152 8882 583 95
1246808343.691831 -6039 1017 6838 139 -444 -10905 78 41 69 3008 3396 1276 90 9281 781 126
1246808343.707827 -6149 1076 7125 -92 -628 -11363 71 37 56 3008 3544 1154 28 9717 990 151
1246808343.707924 -6278 1124 7429 -316 -773 -11797 75 43 42 3008 3692 1032 -34 10168 1185 171
1246808343.723826 -6424 1186 7744 -537 -933 -12300 84 53 65 3008 3840 910 42 10611 1365 187
1246808343.739829 -6580 1253 8090 -758 -1085 -12814 79 34 64 3008 3960 788 118 11110 1529 202
1246808343.755827 -6767 1324 8441 -959 -1216 -13333 100 52 75 2968 4080 666 194 11645 1679 220
1246808343.771828 -6977 1386 8812 -1154 -1354 -13931 84 40 55 2968 4095 544 270 12186 1822 247
1246808343.787829 -7218 1451 9219 -1354 -1484 -14510 76 43 48 2968 4095 400 346 12767 1961 283
1246808343.803860 -7474 1506 9620 -1530 -1600 -15152 82 41 61 2968 4095 256 422 13342 2083 325
1246808343.803999 -7745 1566 10041 -1662 -1693 -15792 70 29 44 2968 4095 112 498 13950 2184 379
1246808343.819829 -8070 1637 10445 -1738 -1768 -16434 76 37 56 2968 4095 -32 530 14548 2262 441
1246808343.835828 -8396 1687 10875 -1783 -1821 -17110 93 33 43 2968 4095 -108 562 15172 2318 491
1246808343.851830 -8758 1726 11312 -1820 -1862 -17809 90 30 75 2915 4095 -184 594 15786 2359 545
1246808343.867828 -9132 1753 11735 -1835 -1891 -18561 55 35 62 2915 4095 -260 626 16416 2392 602
1246808343.883827 -9504 1770 12173 -1839 -1912 -19271 93 30 71 2915 4095 -336 438 17040 2406 663
1246808343.899831 -9920 1787 12602 -1839 -1917 -20028 103 28 38 2915 4095 -412 250 17683 2405 715
1246808343.899915 -10326 1815 13059 -1831 -1919 -20811 108 31 56 2915 4095 -488 62 18330 2402 742
1246808343.915829 -10754 1865 13528 -1816 -1917 -21551 99 29 62 2915 4095 -540 -126 18985 2393 747
1246808343.931826 -11181 1918 13972 -1785 -1919 -22352 85 36 59 2915 4095 -592 -314 19631 2373 739
1246808343.947861 -11651 1979 14454 -1727 -1910 -23102 76 33 42 2858 4095 -644 -502 20285 2341 705
1246808343.963829 -12133 2065 14918 -1662 -1903 -23923 111 44 49 2858 4095 -696 -690 20921 2297 644
1246808343.979830 -12595 2179 15421 -1556 -1896 -24728 87 31 56 2858 3991 -748 -878 21556 2242 563
1246808343.979915 -13083 2331 15921 -1435 -1914 -25481 78 34 78 2858 3887 -800 -718 22152 2175 459
1246808343.995825 -13564 2503 16471 -1256 -1928 -26237 50 35 48 2858 3783 -852 -688 22742 2095 360
1246808344.011834 -14081 2705 17018 -1080 -1943 -26951 59 36 58 2858 3679 -904 -658 23306 2002 261
1246808344.027828 -14589 2901 17542 -918 -1956 -27708 76 51 40 2800 3575 -956 -628 23865 1899 164
1246808344.043827 -15060 3100 18074 -742 -1969 -28403 91 74 60 2800 3471 -1008 -598 24417 1787 72
1246808344.059827 -15550 3309 18559 -583 -1981 -29116 66 49 57 2800 3367 -1134 -568 24940 1665 -14
1246808344.075828 -16025 3513 19081 -410 -1993 -29825 74 64 50 2800 3219 -1260 -538 25447 1529 -101
1246808344.075913 -16517 3724 19582 -224 -2007 -30471 76 55 69 2800 3071 -1386 -508 25927 1380 -195
1246808344.091858 -16981 3907 20056 -24 -2007 -31143 94 58 57 2800 2923 -1512 -478 26377 1214 -283
1246808344.107834 -17459 4105 20535 206 -2002 -31751 85 44 75 2800 2775 -1638 -448 26806 1035 -370
1246808344.123830 -17920 4292 20962 439 -1986 -32346 104 44 48 2762 2797 -1764 -418 27216 848 -462
1246808344.139828 -18353 4453 21365 692 -1951 -32897 76 43 52 2762 2819 -1890 -446 27608 649 -546
1246808344.155828 -18801 4609 21724 922 -1904 -33418 76 71 49 2762 2841 -2016 -474 27990 431 -628
1246808344.155918 -19224 4763 22104 1180 -1854 -33956 80 57 65 2762 2863 -1868 -502 28368 208 -714
1246808344.171828 -19677 4911 22475 1470 -1787 -34430 80 43 39 2762 2885 -1720 -530 28747 -10 -799
1246808344.187829 -20116 5045 22813 1757 -1706 -34914 90 45 61 2762 2907 -1572 -558 29124 -225 -884
1246808344.203829 -20518 5162 23169 2026 -1640 -35390 66 33 59 2762 2929 -1424 -586 29489 -418 -965
1246808344.219834 -20946 5273 23507 2287 -1550 -35891 77 38 51 2762 2951 -1276 -682 29857 -596 -1042
1246808344.235829 -21343 5349 23844 2544 -1459 -36394 71 43 39 2762 2979 -1128 -778 30236 -766 -1124
1246808344.251877 -21745 5435 24199 2775 -1402 -36885 62 55 57 2762 3007 -980 -874 30620 -916 -1216
1246808344.252007 -22130 5546 24542 2991 -1356 -37407 95 37 57 2762 3035 -832 -970 31005 -1044 -1308
1246808344.267829 -22538 5665 24909 3235 -1319 -37880 66 46 50 2762 3063 -676 -1066 31398 -1156 -1405
1246808344.283828 -22940 5797 25261 3450 -1292 -38397 70 36 52 2762 3091 -520 -1162 31786 -1263 -1509
1246808344.299830 -23298 5937 25644 3628 -1296 -38920 88 28 81 2762 3119 -364 -1082 32174 -1353 -1623
1246808344.315831 -23664 6073 26009 3790 -1300 -39394 94 28 60 2743 3147 -208 -1002 32585 -1417 -1734
1246808344.331828 -24012 6202 26395 3924 -1297 -39915 98 37 44 2743 3095 -52 -922 33009 -1467 -1839
1246808344.347828 -24368 6358 26800 3980 -1328 -40454 93 34 66 2743 3085 104 -842 33426 -1484 -1942
1246808344.347905 -24710 6525 27160 4012 -1374 -41020 62 36 46 2743 3089 260 -762 33867 -1481 -2044
1246808344.363829 -25032 6674 27490 4028 -1410 -41570 65 32 51 2743 3093 270 -682 34314 -1471 -2141
1246808344.379828 -25370 6843 27914 4039 -1464 -42111 66 27 68 2743 3097 280 -602 34751 -1454 -2230
1246808344.395863 -25681 7001 28308 4039 -1534 -42687 50 24 50 2743 3101 290 -522 35212 -1423 -2308
1246808344.411831 -26001 7150 28729 4040 -1597 -43236 70 38 79 2738 3105 300 -442 35677 -1387 -2376
1246808344.427836 -26329 7297 29132 4034 -1684 -43836 77 42 55 2738 3109 310 -362 36138 -1349 -2436
