1246808061 954589 0530 0515 0783 0495 0490 0515
1246808061 962326 0536 0517 0782 0495 0490 0515
1246808061 962340 0532 0520 0779 0496 0491 0515
1246808061 962347 0532 0516 0777 0494 0490 0514
1246808061 962353 0529 0515 0777 0495 0490 0514
1246808061 962360 0532 0515 0775 0494 0490 0514
1246808061 962367 0532 0522 0781 0494 0490 0514
1246808061 962374 0532 0518 0779 0495 0491 0515
1246808061 962381 0532 0517 0777 0494 0491 0514
1246808061 962387 0533 0519 0778 0495 0491 0515
1246808061 962394 0536 0515 0778 0495 0490 0514
1246808061 962401 0531 0515 0777 0496 0490 0515
1246808061 962408 0531 0515 0778 0495 0490 0515
1246808061 962414 0534 0514 0777 0495 0490 0515
1246808061 962421 0531 0520 0778 0495 0490 0514
1246808061 962428 0531 0510 0781 0496 0490 0515
1246808061 962435 0535 0514 0779 0494 0490 0515
1246808069 847610 0528 0515 0778 0495 0491 0516
1246808069 863551 0532 0517 0777 0495 0491 0515
1246808069 879550 0532 0520 0776 0494 0491 0515
1246808069 879559 0531 0521 0778 0494 0491 0515
1246808069 895549 0530 0518 0779 0494 0491 0514
1246808069 895558 0532 0514 0782 0495 0491 0515
1246808069 911550 0534 0521 0781 0496 0492 0515
1246808069 927549 0533 0516 0782 0496 0491 0515
1246808069 927558 0531 0516 0779 0496 0491 0516
1246808069 943572 0531 0520 0775 0495 0491 0515
1246808069 943584 0527 0518 0777 0493 0491 0515
1246808069 959551 0526 0517 0781 0494 0491 0515
1246808069 975548 0528 0519 0779 0494 0490 0515
1246808069 975556 0531 0518 0781 0495 0491 0515
1246808069 991552 0532 0521 0778 0496 0491 0515
1246808070 7553 0532 0520 0780 0494 0491 0515
1246808070 7561 0535 0522 0777 0495 0491 0515
1246808070 23566 0535 0518 0781 0493 0491 0515
1246808070 39549 0531 0519 0775 0494 0490 0515
1246808070 39557 0531 0516 0775 0494 0491 0515
1246808070 55550 0528 0520 0776 0496 0491 0515
1246808070 55559 0528 0514 0780 0495 0490 0515
1246808070 71551 0528 0516 0781 0495 0491 0515
1246808070 87574 0530 0519 0783 0493 0491 0515
1246808070 87586 0530 0518 0781 0494 0491 0515
1246808070 103549 0531 0517 0780 0495 0491 0515
1246808070 119544 0530 0518 0779 0495 0491 0515
1246808070 119557 0528 0519 0776 0495 0491 0515
1246808070 135545 0527 0518 0779 0495 0492 0515
1246808070 135558 0528 0517 0776 0496 0491 0515
1246808070 151549 0530 0519 0778 0496 0491 0515
1246808070 167545 0531 0519 0779 0496 0490 0515
1246808070 167557 0531 0517 0781 0493 0491 0515
1246808070 183547 0534 0519 0780 0495 0490 0516
1246808070 183560 0530 0519 0779 0495 0491 0515
1246808070 199553 0529 0518 0779 0495 0491 0515
1246808070 215547 0531 0514 0780 0496 0492 0515
1246808070 215560 0530 0517 0776 0494 0491 0515
1246808070 231548 0530 0520 0780 0495 0491 0515
1246808070 247568 0527 0518 0779 0495 0491 0515
1246808070 247586 0531 0521 0781 0496 0491 0515
1246808070 263547 0531 0520 0780 0494 0491 0515
1246808070 279543 0531 0521 0782 0497 0491 0515
1246808070 279555 0531 0521 0779 0496 0491 0515
1246808070 295545 0532 0522 0776 0494 0490 0515
1246808070 295557 0533 0520 0778 0495 0492 0515
1246808070 311549 0527 0507 0782 0494 0490 0515
1246808070 327545 0523 0508 0781 0496 0490 0514
1246808070 327557 0535 0523 0780 0493 0491 0515
1246808070 343545 0535 0517 0777 0495 0490 0515
1246808070 343558 0530 0517 0779 0496 0491 0515
1246808070 359547 0520 0510 0786 0493 0491 0515
1246808070 375545 0532 0520 0781 0494 0490 0514
1246808070 375557 0529 0520 0779 0496 0491 0515
1246808070 391577 0532 0522 0780 0496 0491 0515
1246808070 407554 0526 0522 0783 0494 0490 0516
1246808070 407567 0530 0518 0783 0495 0491 0514
1246808070 423549 0528 0526 0783 0494 0490 0515
1246808070 423561 0540 0521 0776 0496 0491 0514
1246808070 439552 0532 0515 0779 0495 0491 0515
1246808070 455545 0524 0518 0776 0495 0491 0514
1246808070 455558 0533 0517 0778 0495 0491 0515
1246808070 471550 0528 0517 0778 0496 0491 0515
1246808070 487546 0535 0517 0780 0494 0490 0515
1246808070 487559 0527 0521 0780 0496 0491 0514
1246808070 503547 0535 0518 0781 0496 0491 0515
1246808070 519546 0534 0516 0781 0494 0490 0514
1246808070 519559 0532 0519 0780 0495 0491 0515
1246808070 535574 0531 0515 0779 0496 0490 0515
1246808070 535701 0525 0516 0779 0493 0491 0515
1246808070 551591 0523 0516 0776 0495 0491 0514
1246808070 567547 0527 0515 0779 0495 0491 0514
1246808070 567560 0529 0522 0779 0494 0491 0515
1246808070 583546 0532 0514 0781 0497 0491 0515
1246808070 583558 0534 0519 0781 0496 0491 0515
1246808070 599547 0533 0519 0782 0496 0490 0514
1246808070 615550 0534 0518 0777 0495 0491 0515
1246808070 615562 0528 0508 0778 0498 0491 0514
1246808070 631549 0543 0510 0781 0496 0490 0515
1246808070 647544 0528 0506 0778 0495 0491 0515
1246808070 647557 0530 0519 0778 0496 0491 0514
1246808070 663545 0537 0516 0779 0493 0490 0515
1246808070 679542 0530 0527 0780 0497 0491 0514
1246808070 679555 0533 0516 0779 0494 0490 0514
1246808070 695568 0536 0517 0782 0495 0491 0515
1246808070 695586 0528 0523 0777 0494 0490 0515
1246808070 711550 0532 0520 0780 0495 0492 0515
1246808070 727549 0530 0519 0775 0495 0490 0515
1246808070 727562 0520 0519 0777 0495 0491 0515
1246808070 743547 0534 0512 0779 0494 0490 0515
1246808070 743559 0528 0518 0779 0497 0490 0515
1246808070 759550 0532 0515 0779 0494 0491 0515
1246808070 775548 0533 0517 0783 0495 0491 0515
1246808070 775561 0534 0522 0776 0497 0491 0515
1246808070 791551 0532 0520 0781 0495 0490 0516
1246808070 807546 0529 0513 0779 0497 0490 0515
1246808070 807559 0535 0517 0774 0497 0491 0514
1246808070 823549 0522 0524 0780 0494 0490 0516
1246808070 823561 0531 0513 0778 0496 0490 0515
1246808070 839580 0533 0516 0778 0498 0490 0514
1246808070 855546 0531 0519 0779 0495 0491 0515
1246808070 855558 0532 0517 0782 0495 0490 0514
1246808070 871548 0529 0521 0777 0497 0491 0515
1246808070 887543 0527 0518 0781 0495 0491 0515
1246808070 887555 0531 0514 0778 0495 0491 0515
1246808070 903547 0531 0515 0777 0495 0491 0514
1246808070 903559 0528 0514 0779 0495 0491 0515
1246808070 919549 0524 0517 0778 0497 0491 0515
1246808070 935544 0530 0517 0781 0494 0489 0515
1246808070 935556 0533 0517 0779 0495 0491 0515
1246808070 951548 0530 0517 0780 0497 0491 0515
1246808070 967544 0526 0518 0777 0495 0490 0515
1246808070 967556 0536 0516 0775 0494 0490 0514
1246808070 983544 0529 0519 0782 0496 0491 0515
1246808070 983556 0532 0523 0777 0495 0490 0515
1246808070 999574 0533 0512 0781 0497 0490 0515
1246808071 15549 0531 0519 0779 0495 0490 0515
1246808071 15562 0535 0512 0781 0495 0490 0514
1246808071 31554 0528 0519 0780 0497 0491 0515
1246808071 47546 0528 0520 0779 0495 0491 0516
1246808071 47558 0535 0511 0779 0495 0490 0515
1246808071 63545 0527 0523 0781 0494 0491 0515
1246808071 63557 0531 0513 0779 0496 0491 0515
1246808071 79550 0513 0522 0780 0497 0491 0516
1246808071 95549 0545 0516 0775 0494 0489 0513
1246808071 95561 0530 0517 0781 0496 0490 0516
1246808071 111554 0529 0530 0776 0496 0492 0515
1246808071 127574 0533 0511 0782 0496 0491 0515
1246808071 127593 0534 0520 0780 0497 0490 0513
1246808071 143590 0523 0522 0780 0496 0490 0515
1246808071 143614 0534 0514 0779 0497 0490 0514
1246808071 159563 0576 0462 0761 0497 0484 0512
1246808071 175570 0507 0523 0795 0498 0491 0516
1246808071 175614 0552 0520 0770 0493 0491 0514
1246808071 191588 0539 0490 0788 0498 0489 0517
1246808071 207560 0541 0543 0778 0497 0491 0517
1246808071 207576 0521 0499 0785 0493 0491 0515
1246808071 223556 0563 0544 0775 0495 0490 0510
1246808071 223571 0530 0532 0785 0497 0492 0514
1246808071 239561 0555 0500 0781 0497 0492 0510
1246808071 255554 0533 0528 0782 0495 0491 0516
1246808071 255569 0533 0563 0774 0492 0491 0512
1246808071 271558 0550 0539 0783 0496 0490 0515
1246808071 288201 0541 0530 0781 0498 0491 0513
1246808071 288225 0546 0534 0777 0496 0491 0513
1246808071 303553 0536 0515 0779 0493 0491 0513
1246808071 303568 0536 0550 0779 0493 0490 0513
1246808071 319555 0533 0535 0777 0495 0492 0514
1246808071 335549 0561 0529 0771 0492 0490 0513
1246808071 335563 0551 0526 0779 0495 0490 0515
1246808071 351556 0542 0536 0779 0496 0492 0514
1246808071 367549 0537 0544 0774 0495 0492 0514
1246808071 367562 0529 0551 0775 0495 0492 0511
1246808071 383549 0535 0538 0774 0495 0493 0512
1246808071 383561 0509 0515 0779 0494 0490 0511
1246808071 399555 0510 0532 0778 0495 0489 0511
1246808071 415551 0523 0553 0773 0493 0488 0505
1246808071 415565 0569 0558 0775 0496 0488 0504
1246808071 431552 0542 0508 0792 0501 0492 0504
1246808071 447559 0495 0507 0786 0495 0492 0502
1246808071 447574 0508 0478 0789 0493 0489 0499
1246808071 463550 0534 0534 0773 0491 0488 0494
1246808071 463563 0598 0547 0757 0493 0492 0492
1246808071 479558 0572 0549 0765 0495 0494 0492
1246808071 495549 0500 0512 0783 0497 0497 0489
1246808071 495562 0474 0509 0784 0494 0495 0489
1246808071 511555 0482 0516 0779 0492 0490 0488
1246808071 527549 0525 0537 0788 0496 0489 0481
1246808071 527562 0543 0509 0790 0495 0490 0481
1246808071 544079 0563 0499 0780 0494 0491 0478
1246808071 544102 0562 0506 0775 0492 0491 0476
1246808071 559561 0572 0516 0770 0494 0495 0474
1246808071 575552 0597 0513 0769 0489 0496 0472
1246808071 575566 0460 0524 0797 0501 0505 0471
1246808071 591595 0433 0514 0765 0492 0493 0478
1246808071 607553 0391 0520 0807 0491 0485 0468
1246808071 607566 0618 0491 0756 0487 0482 0467
1246808071 623553 0667 0512 0786 0489 0488 0465
1246808071 623567 0647 0583 0757 0490 0498 0470
1246808071 639556 0509 0537 0794 0493 0498 0474
1246808071 655554 0395 0562 0788 0497 0502 0476
1246808071 655567 0456 0503 0765 0494 0486 0481
1246808071 671557 0532 0508 0785 0493 0488 0472
1246808071 687552 0605 0574 0768 0493 0490 0479
1246808071 687566 0527 0535 0795 0497 0492 0482
1246808071 703553 0495 0539 0784 0496 0493 0476
1246808071 703567 0568 0482 0777 0493 0491 0476
1246808071 719555 0598 0487 0774 0494 0497 0477
1246808071 735553 0480 0565 0806 0498 0493 0486
1246808071 735566 0421 0529 0781 0497 0496 0481
1246808071 751559 0574 0482 0774 0493 0489 0478
1246808071 767553 0536 0474 0769 0495 0495 0484
1246808071 767567 0592 0499 0768 0494 0491 0484
1246808071 783552 0470 0513 0788 0494 0494 0483
1246808071 783565 0558 0537 0764 0491 0491 0479
1246808071 799554 0536 0487 0773 0492 0491 0477
1246808071 815549 0540 0521 0771 0492 0493 0478
1246808071 815562 0506 0532 0782 0488 0490 0479
1246808071 831551 0516 0548 0780 0494 0494 0476
1246808071 847549 0487 0546 0784 0490 0490 0478
1246808071 847562 0491 0469 0788 0496 0491 0479
1246808071 863553 0560 0497 0773 0492 0490 0477
1246808071 863567 0581 0525 0774 0493 0493 0474
1246808071 879553 0559 0571 0777 0492 0495 0472
1246808071 895582 0517 0498 0776 0496 0497 0471
1246808071 895601 0495 0479 0779 0496 0494 0469
1246808071 911557 0505 0467 0772 0493 0493 0471
1246808071 927552 0512 0521 0780 0490 0490 0468
1246808071 927566 0502 0496 0786 0492 0491 0468
1246808071 943554 0514 0544 0784 0490 0489 0469
1246808071 943568 0540 0542 0772 0491 0490 0466
1246808071 959556 0597 0547 0779 0493 0490 0464
1246808071 975555 0566 0528 0777 0498 0495 0467
1246808071 975569 0535 0513 0785 0493 0496 0464
1246808071 991556 0496 0511 0783 0498 0498 0463
1246808072 7558 0508 0499 0771 0493 0494 0466
1246808072 7573 0537 0472 0772 0493 0493 0463
1246808072 23552 0488 0518 0778 0491 0493 0462
1246808072 23566 0510 0500 0786 0486 0489 0462
1246808072 39859 0500 0564 0801 0494 0483 0464
1246808072 55551 0548 0616 0777 0495 0493 0463
1246808072 55565 0643 0466 0764 0496 0493 0467
1246808072 71557 0499 0522 0787 0495 0494 0463
1246808072 87551 0591 0468 0788 0488 0496 0463
1246808072 87564 0503 0497 0783 0492 0495 0461
1246808072 103549 0520 0524 0759 0491 0495 0464
1246808072 103562 0527 0448 0767 0491 0494 0464
1246808072 119553 0463 0546 0799 0488 0489 0462
1246808072 135549 0586 0560 0786 0489 0490 0462
1246808072 135562 0476 0774 0811 0498 0489 0467
1246808072 151552 0570 0429 0773 0497 0503 0461
1246808072 167549 0491 0385 0792 0494 0485 0471
1246808072 167562 0471 0478 0785 0493 0497 0462
1246808072 183549 0594 0485 0757 0486 0485 0461
1246808072 183562 0509 0538 0765 0490 0491 0461
1246808072 199564 0576 0579 0761 0490 0491 0460
1246808072 215557 0611 0606 0789 0494 0492 0464
1246808072 215572 0520 0564 0796 0500 0500 0467
1246808072 231555 0463 0433 0784 0497 0496 0468
1246808072 247551 0513 0410 0761 0492 0492 0467
1246808072 247624 0558 0477 0759 0484 0487 0470
1246808072 263553 0461 0551 0800 0489 0492 0474
1246808072 263566 0585 0684 0755 0494 0490 0467
1246808072 279561 0581 0629 0790 0498 0486 0476
1246808072 295552 0541 0365 0783 0501 0499 0471
1246808072 295566 0537 0418 0769 0492 0492 0475
1246808072 311558 0436 0457 0794 0491 0492 0469
1246808072 327551 0497 0532 0760 0482 0484 0466
1246808072 327564 0635 0653 0782 0490 0489 0463
1246808072 343582 0645 0572 0774 0495 0494 0471
1246808072 343602 0590 0506 0767 0506 0502 0470
1246808072 359560 0459 0450 0782 0491 0490 0471
1246808072 375554 0476 0407 0779 0491 0498 0465
1246808072 375568 0608 0489 0765 0480 0488 0462
1246808072 391561 0564 0713 0783 0492 0491 0468
1246808072 407551 0477 0636 0786 0494 0492 0476
1246808072 407565 0536 0422 0786 0498 0493 0471
1246808072 423552 0554 0431 0760 0496 0493 0479
1246808072 423565 0575 0520 0770 0488 0491 0474
1246808072 439557 0397 0489 0770 0492 0494 0478
1246808072 455552 0540 0700 0786 0489 0485 0475
1246808072 455565 0580 0604 0820 0490 0490 0476
1246808072 471557 0687 0590 0740 0504 0495 0480
1246808072 487555 0365 0394 0782 0494 0496 0481
1246808072 487569 0468 0387 0740 0489 0486 0474
1246808072 503556 0422 0436 0813 0483 0486 0471
1246808072 503572 0777 0746 0714 0485 0483 0465
1246808072 519553 0624 0697 0812 0496 0491 0470
1246808072 535548 0506 0428 0763 0505 0513 0468
1246808072 535561 0431 0413 0786 0486 0488 0471
1246808072 551601 0455 0422 0767 0486 0493 0460
1246808072 567556 0572 0601 0792 0481 0484 0456
1246808072 567572 0720 0786 0747 0496 0497 0462
1246808072 583553 0543 0512 0814 0498 0499 0466
1246808072 583566 0445 0304 0774 0498 0501 0464
1246808072 599557 0360 0365 0765 0488 0486 0462
1246808072 615553 0546 0655 0815 0487 0484 0454
1246808072 615566 0684 0745 0834 0496 0490 0457
1246808072 631557 0670 0605 0728 0514 0508 0460
1246808072 647611 0323 0296 0808 0495 0498 0462
1246808072 647631 0468 0281 0716 0483 0486 0459
1246808072 663556 0453 0662 0822 0482 0482 0448
1246808072 663571 0743 0930 0782 0487 0485 0449
1246808072 679555 0619 0562 0752 0511 0515 0458
1246808072 695556 0400 0260 0769 0489 0499 0453
1246808072 695570 0343 0252 0754 0487 0489 0456
1246808072 711555 0480 0793 0825 0483 0480 0445
1246808072 727551 0668 0849 0789 0484 0486 0451
1246808072 727564 0691 0620 0738 0514 0508 0455
1246808072 743553 0287 0244 0784 0489 0496 0456
1246808072 743566 0498 0365 0766 0483 0491 0452
1246808072 759556 0430 0566 0884 0491 0496 0444
1246808072 775551 0838 0985 0659 0480 0485 0446
1246808072 775588 0574 0446 0791 0512 0504 0458
1246808072 791555 0379 0345 0742 0489 0493 0454
1246808072 807556 0440 0330 0772 0489 0499 0447
1246808072 807571 0517 0713 0860 0484 0490 0444
1246808072 823551 0755 0886 0708 0495 0490 0448
1246808072 823564 0539 0408 0777 0506 0497 0455
1246808072 839556 0409 0283 0755 0489 0488 0454
1246808072 855548 0427 0288 0770 0484 0496 0449
1246808072 855561 0577 0707 0822 0480 0481 0443
1246808072 871553 0755 0932 0733 0486 0491 0443
1246808072 887549 0643 0378 0762 0504 0506 0450
1246808072 887562 0274 0379 0754 0493 0492 0458
1246808072 903553 0471 0459 0781 0483 0493 0447
1246808072 903590 0504 0603 0856 0481 0482 0445
1246808072 919554 0785 0870 0729 0497 0496 0444
1246808072 935550 0555 0438 0775 0506 0506 0455
1246808072 935563 0376 0435 0724 0488 0489 0460
1246808072 951564 0330 0303 0775 0484 0490 0449
1246808072 967550 0635 0676 0781 0479 0470 0447
1246808072 967585 0736 0821 0833 0489 0489 0448
1246808072 983551 0731 0533 0735 0512 0515 0462
1246808072 983563 0215 0346 0780 0500 0508 0466
1246808072 999552 0416 0302 0753 0477 0479 0463
1246808073 15553 0388 0648 0904 0486 0479 0453
1246808073 15567 0832 0645 0763 0487 0494 0451
1246808073 31555 0768 0652 0703 0503 0499 0465
1246808073 47550 0344 0424 0830 0508 0510 0468
1246808073 47563 0379 0298 0738 0488 0490 0465
1246808073 63549 0494 0501 0792 0485 0487 0451
1246808073 63562 0711 0681 0817 0481 0489 0451
1246808073 79554 0629 0799 0731 0506 0510 0460
1246808073 95619 0367 0321 0786 0502 0505 0460
1246808073 95642 0361 0328 0768 0491 0489 0458
1246808073 111567 0447 0447 0823 0483 0490 0453
1246808073 127556 0647 0669 0738 0489 0488 0451
1246808073 127570 0710 0912 0729 0492 0489 0454
1246808073 143552 0506 0420 0774 0507 0504 0456
1246808073 143566 0493 0356 0770 0486 0484 0459
1246808073 159555 0586 0238 0772 0489 0503 0454
1246808073 175553 0552 0737 0830 0484 0485 0451
1246808073 175566 0557 0853 0789 0494 0505 0462
1246808073 191551 0408 0350 0779 0502 0497 0454
1246808073 207557 0520 0316 0731 0481 0487 0453
1246808073 207572 0493 0273 0775 0491 0489 0449
1246808073 223555 0637 0795 0836 0481 0487 0445
1246808073 223592 0658 0727 0769 0494 0500 0450
1246808073 239557 0570 0528 0712 0504 0503 0454
1246808073 255559 0390 0326 0795 0494 0501 0458
1246808073 255575 0420 0333 0749 0486 0487 0458
1246808073 271551 0464 0661 0870 0479 0477 0451
1246808073 287554 0745 0835 0797 0498 0488 0453
1246808073 287594 0642 0674 0682 0513 0500 0462
1246808073 303552 0397 0165 0777 0495 0492 0458
1246808073 303565 0530 0278 0812 0487 0485 0465
1246808073 319560 0539 0582 0917 0487 0504 0453
1246808073 335555 0824 0723 0707 0485 0502 0453
1246808073 335570 0451 0792 0744 0515 0503 0465
1246808073 351552 0279 0344 0797 0498 0499 0470
1246808073 367551 0488 0368 0777 0485 0484 0461
1246808073 367565 0558 0502 0791 0487 0494 0456
1246808073 383554 0712 0811 0753 0486 0479 0463
1246808073 383567 0479 0772 0756 0510 0505 0470
1246808073 399593 0463 0450 0738 0498 0490 0463
1246808073 415552 0673 0462 0802 0484 0487 0470
1246808073 415592 0479 0274 0863 0493 0496 0468
1246808073 431550 0507 0599 0787 0491 0498 0471
1246808073 447548 0532 0581 0753 0493 0491 0461
1246808073 447561 0647 0788 0791 0497 0496 0464
1246808073 463551 0477 0310 0793 0499 0501 0464
1246808073 463565 0468 0490 0766 0491 0490 0467
1246808073 479552 0377 0406 0778 0485 0486 0462
1246808073 495549 0710 0769 0774 0485 0484 0452
1246808073 495562 0749 0615 0804 0498 0502 0461
1246808073 511550 0491 0571 0803 0511 0500 0475
1246808073 527553 0307 0259 0789 0492 0491 0471
1246808073 527566 0439 0309 0753 0494 0487 0461
1246808073 544231 0429 0440 0764 0478 0483 0462
1246808073 544254 0757 0968 0802 0487 0478 0444
1246808073 559567 0654 0700 0825 0505 0508 0460
1246808073 575552 0547 0362 0687 0507 0517 0457
1246808073 575566 0294 0316 0743 0477 0484 0462
1246808073 591552 0449 0450 0788 0481 0481 0460
1246808073 607553 0546 0712 0882 0482 0482 0451
1246808073 607592 0796 0726 0762 0499 0498 0458
1246808073 623554 0575 0355 0755 0502 0503 0465
1246808073 623568 0389 0315 0778 0494 0490 0461
1246808073 639568 0366 0323 0769 0486 0492 0461
1246808073 655551 0636 0743 0850 0481 0485 0448
1246808073 655564 0842 0793 0759 0491 0502 0444
1246808073 671550 0534 0518 0775 0516 0517 0461
1246808073 687549 0157 0266 0778 0493 0496 0462
1246808073 687562 0435 0361 0769 0481 0478 0445
1246808073 703567 0568 0552 0831 0482 0488 0443
1246808073 703584 0815 0807 0785 0488 0487 0441
1246808073 719557 0643 0664 0701 0508 0509 0449
1246808073 735582 0392 0300 0807 0493 0495 0448
1246808073 735598 0336 0268 0777 0491 0498 0447
1246808073 751554 0494 0767 0832 0491 0489 0438
1246808073 767552 0641 0793 0795 0488 0492 0442
1246808073 767566 0668 0619 0672 0503 0502 0444
1246808073 783552 0295 0292 0810 0485 0490 0447
1246808073 783566 0496 0423 0803 0486 0486 0443
1246808073 799582 0472 0598 0849 0492 0497 0429
1246808073 815551 0951 0782 0650 0484 0488 0434
1246808073 815564 0517 0406 0789 0503 0508 0439
1246808073 831555 0305 0246 0760 0484 0496 0440
1246808073 847581 0460 0598 0816 0484 0483 0428
1246808073 847600 0548 0697 0839 0479 0487 0421
1246808073 863582 0735 0667 0693 0505 0499 0428
1246808073 863597 0284 0190 0790 0481 0490 0435
1246808073 879551 0683 0513 0776 0490 0489 0423
1246808073 895547 0402 0626 0881 0487 0497 0422
1246808073 895559 0758 0802 0676 0492 0493 0432
1246808073 911547 0235 0247 0815 0495 0505 0435
1246808073 927545 0638 0600 0681 0487 0489 0433
1246808073 927579 0440 0630 0916 0489 0488 0454
1246808073 943549 0622 0704 0751 0497 0499 0443
1246808073 943561 0391 0312 0791 0493 0494 0449
1246808073 959552 0500 0382 0709 0491 0491 0451
1246808073 975546 0493 0630 0847 0486 0486 0450
1246808073 975558 0603 0695 0786 0490 0499 0461
1246808073 991546 0655 0618 0739 0496 0494 0465
1246808074 7570 0388 0346 0800 0497 0500 0471
1246808074 7590 0441 0364 0753 0496 0494 0472
1246808074 23549 0449 0482 0822 0487 0485 0467
1246808074 23563 0602 0635 0786 0489 0487 0467
1246808074 39552 0654 0632 0745 0493 0491 0472
1246808074 55572 0494 0497 0771 0500 0499 0488
1246808074 55585 0449 0480 0795 0495 0494 0478
1246808074 71547 0497 0484 0810 0494 0492 0484
1246808074 87545 0567 0541 0773 0493 0488 0486
1246808074 87558 0516 0547 0749 0500 0495 0490
1246808074 103549 0504 0541 0766 0493 0493 0492
1246808074 103561 0494 0492 0801 0496 0493 0492
1246808074 119571 0539 0508 0788 0492 0490 0496
1246808074 135547 0504 0522 0774 0492 0491 0499
1246808074 135559 0520 0562 0765 0493 0491 0497
1246808074 151576 0530 0532 0792 0493 0490 0498
1246808074 167545 0537 0546 0783 0495 0491 0501
1246808074 167557 0511 0512 0774 0495 0491 0503
1246808074 183545 0526 0537 0768 0496 0490 0503
1246808074 183580 0524 0560 0793 0494 0490 0504
1246808074 199547 0536 0540 0786 0497 0492 0505
1246808074 215550 0520 0522 0779 0495 0491 0508
1246808074 215563 0506 0517 0771 0496 0492 0511
1246808074 231546 0513 0554 0775 0493 0490 0512
1246808074 247543 0530 0548 0782 0495 0491 0514
1246808074 247577 0530 0526 0782 0497 0491 0515
1246808074 263547 0509 0507 0777 0496 0491 0517
1246808074 263560 0529 0525 0771 0494 0489 0516
1246808074 279548 0544 0526 0783 0497 0490 0513
1246808074 295544 0560 0521 0783 0495 0491 0515
1246808074 295556 0532 0510 0773 0495 0491 0515
1246808074 311589 0523 0512 0772 0495 0491 0515
1246808074 327543 0536 0516 0785 0496 0491 0514
1246808074 327555 0549 0524 0785 0495 0490 0514
1246808074 343544 0537 0517 0779 0495 0490 0515
1246808074 343557 0523 0517 0773 0493 0490 0515
1246808074 359554 0532 0527 0778 0495 0490 0514
1246808074 375568 0540 0526 0782 0496 0490 0515
1246808074 375581 0537 0517 0782 0495 0491 0515
1246808074 391543 0527 0518 0774 0495 0491 0514
1246808074 407545 0534 0521 0777 0496 0490 0515
1246808074 407557 0531 0522 0781 0494 0491 0514
1246808074 423546 0535 0518 0782 0497 0491 0515
1246808074 423559 0534 0523 0779 0497 0490 0515
1246808074 439575 0537 0522 0776 0497 0490 0514
1246808074 455572 0534 0521 0780 0497 0490 0515
1246808074 455589 0535 0515 0783 0497 0491 0514
1246808074 471550 0531 0517 0778 0495 0489 0514
1246808074 487546 0538 0528 0775 0494 0491 0515
1246808074 487559 0536 0515 0777 0496 0492 0515
1246808074 503567 0531 0527 0780 0495 0491 0514
1246808074 503580 0534 0522 0783 0496 0491 0515
1246808074 519552 0532 0523 0781 0495 0491 0515
1246808074 535548 0532 0520 0778 0496 0491 0514
1246808074 535560 0536 0522 0780 0495 0491 0515
1246808074 551584 0532 0520 0784 0495 0491 0515
1246808074 567571 0536 0521 0775 0493 0490 0515
1246808074 567584 0536 0520 0780 0496 0491 0514
1246808074 583549 0530 0522 0780 0496 0491 0515
1246808074 583561 0530 0520 0782 0494 0492 0514
1246808074 599580 0557 0543 0776 0494 0491 0515
1246808074 615550 0523 0541 0781 0494 0489 0515
1246808074 615563 0534 0532 0778 0496 0491 0514
1246808074 631569 0535 0524 0781 0495 0490 0515
1246808074 647544 0529 0527 0781 0497 0491 0514
1246808074 647556 0531 0523 0779 0493 0490 0514
1246808074 663547 0534 0522 0778 0496 0492 0514
1246808074 663560 0534 0527 0776 0497 0491 0514
1246808074 679553 0535 0523 0781 0495 0491 0514
1246808074 695569 0534 0522 0776 0495 0491 0514
1246808074 695583 0529 0521 0778 0496 0491 0515
1246808074 711549 0535 0520 0778 0495 0491 0514
1246808074 727546 0536 0522 0781 0496 0491 0515
1246808074 727558 0534 0518 0777 0496 0491 0515
1246808074 743548 0536 0517 0778 0496 0491 0515
1246808074 743561 0531 0521 0780 0496 0492 0515
1246808074 759594 0537 0521 0779 0496 0491 0514
1246808074 775550 0533 0518 0779 0495 0490 0515
1246808074 775563 0533 0522 0780 0495 0490 0514
1246808074 791545 0535 0516 0779 0496 0491 0515
1246808074 807544 0533 0518 0778 0497 0490 0514
1246808074 807557 0532 0519 0780 0496 0490 0515
1246808074 823570 0540 0516 0779 0494 0491 0515
1246808074 823583 0530 0522 0780 0495 0491 0515
1246808074 839549 0537 0517 0777 0497 0491 0515
1246808074 855543 0532 0518 0782 0496 0490 0514
1246808074 855556 0539 0519 0777 0496 0491 0515
1246808074 871545 0532 0521 0775 0495 0490 0514
1246808074 887568 0536 0518 0778 0496 0491 0515
1246808074 887580 0532 0514 0777 0495 0491 0514
1246808074 903576 0534 0522 0780 0496 0491 0514
1246808074 903594 0532 0515 0779 0496 0491 0515
1246808074 919553 0539 0519 0779 0496 0491 0514
1246808074 935547 0537 0521 0777 0495 0490 0515
1246808074 935560 0531 0518 0779 0495 0490 0514
1246808074 951570 0532 0520 0776 0494 0491 0515
1246808074 967543 0536 0518 0778 0496 0491 0515
1246808074 967556 0534 0522 0780 0494 0490 0515
1246808074 983551 0534 0520 0779 0495 0491 0515
1246808074 983563 0529 0524 0779 0496 0491 0515
1246808074 999552 0535 0521 0779 0494 0491 0515
1246808075 14547 0534 0514 0780 0495 0491 0515
1246808075 14560 0534 0522 0778 0495 0490 0514
1246808075 30548 0531 0520 0781 0495 0491 0515
1246808075 46546 0533 0518 0776 0495 0491 0515
1246808075 46559 0532 0518 0781 0497 0491 0515
1246808075 62568 0535 0519 0777 0495 0491 0515
1246808075 62585 0534 0520 0781 0496 0490 0514
1246808075 78554 0537 0516 0777 0494 0491 0514
1246808075 94551 0534 0524 0781 0494 0490 0514
1246808075 94563 0534 0512 0780 0496 0491 0514
1246808075 110549 0540 0522 0776 0499 0490 0515
1246808075 126548 0528 0522 0782 0495 0492 0515
1246808075 126560 0541 0519 0776 0494 0491 0515
1246808075 142547 0533 0524 0777 0496 0491 0515
1246808075 142559 0528 0522 0778 0496 0491 0515
1246808075 158550 0534 0519 0778 0495 0491 0514
1246808075 174549 0530 0520 0780 0495 0491 0515
1246808075 174561 0539 0520 0777 0495 0491 0515
1246808075 190549 0523 0525 0779 0494 0490 0515
1246808075 206576 0544 0519 0777 0496 0491 0515
1246808075 206595 0541 0520 0780 0497 0489 0515
1246808075 222548 0528 0522 0780 0496 0491 0515
1246808075 222561 0543 0514 0776 0496 0491 0514
1246808075 238550 0529 0517 0782 0496 0491 0514
1246808075 254546 0535 0532 0782 0496 0490 0515
1246808075 254558 0542 0522 0778 0497 0491 0515
1246808075 270547 0536 0530 0781 0496 0491 0514
1246808075 286547 0532 0513 0774 0495 0491 0514
1246808075 286559 0536 0523 0777 0495 0491 0514
1246808075 302550 0533 0521 0776 0494 0490 0515
1246808075 302562 0530 0515 0779 0496 0491 0514
1246808075 318551 0533 0524 0780 0496 0490 0515
1246808075 334544 0531 0530 0780 0494 0491 0515
1246808075 334556 0568 0509 0780 0493 0491 0513
1246808075 350578 0496 0510 0780 0494 0493 0516
1246808075 366546 0536 0559 0772 0495 0490 0514
1246808075 366559 0535 0505 0781 0496 0490 0515
1246808075 382546 0538 0527 0776 0497 0490 0515
1246808075 382560 0529 0521 0781 0494 0491 0515
1246808075 398552 0535 0520 0775 0494 0491 0515
1246808075 414546 0528 0528 0778 0497 0492 0514
1246808075 414558 0535 0520 0774 0498 0491 0515
1246808075 430546 0533 0527 0778 0496 0492 0515
1246808075 446546 0530 0523 0778 0495 0492 0514
1246808075 446558 0539 0517 0778 0494 0490 0515
1246808075 462546 0532 0523 0780 0495 0491 0515
1246808075 462558 0526 0528 0779 0494 0491 0515
1246808075 478548 0539 0514 0781 0495 0491 0515
1246808075 494545 0536 0519 0778 0493 0491 0515
1246808075 494557 0535 0526 0773 0494 0491 0514
1246808075 510570 0535 0515 0776 0494 0491 0515
1246808075 526544 0537 0522 0777 0496 0491 0515
1246808075 526556 0530 0516 0781 0495 0491 0515
1246808075 542545 0538 0517 0778 0495 0491 0515
1246808075 542557 0531 0524 0779 0496 0491 0515
1246808075 558583 0534 0520 0780 0496 0491 0515
1246808075 574547 0537 0518 0780 0496 0490 0515
1246808075 574560 0534 0520 0776 0496 0490 0514
1246808075 590547 0538 0517 0779 0495 0491 0514
1246808075 606548 0533 0518 0779 0497 0490 0515
1246808075 606561 0536 0519 0780 0496 0491 0514
1246808075 622556 0534 0519 0780 0496 0490 0515
1246808075 622571 0535 0520 0779 0494 0491 0514
1246808075 638550 0533 0517 0779 0497 0491 0514
1246808075 654580 0530 0523 0780 0496 0491 0515
1246808075 654599 0532 0524 0780 0495 0491 0514
1246808075 670553 0531 0527 0782 0496 0491 0514
1246808075 686547 0536 0516 0777 0495 0491 0515
1246808075 686559 0533 0527 0780 0498 0490 0515
1246808075 702547 0536 0511 0782 0496 0492 0514
1246808075 702559 0534 0527 0779 0495 0489 0515
1246808075 718553 0534 0521 0779 0495 0491 0515
1246808075 734547 0542 0529 0777 0496 0491 0515
1246808075 734560 0533 0520 0783 0497 0492 0515
1246808075 750546 0538 0524 0775 0495 0491 0514
1246808075 766546 0536 0516 0779 0495 0490 0515
1246808075 766558 0535 0520 0779 0495 0491 0515
1246808075 782547 0533 0517 0781 0496 0491 0515
1246808075 782559 0530 0522 0780 0495 0491 0514
1246808075 798552 0536 0522 0780 0496 0491 0515
1246808075 814571 0530 0519 0780 0494 0492 0515
1246808075 814591 0533 0522 0777 0496 0491 0515
1246808075 830548 0531 0520 0782 0495 0491 0515
1246808075 846543 0534 0521 0779 0495 0491 0514
1246808075 846556 0531 0521 0779 0495 0491 0515
1246808075 862546 0535 0520 0778 0496 0490 0514
1246808075 862558 0535 0523 0780 0495 0491 0515
1246808075 878549 0538 0525 0778 0495 0490 0515
1246808075 894546 0534 0523 0780 0496 0491 0515
1246808075 894559 0537 0525 0777 0495 0490 0515
1246808075 910544 0534 0520 0779 0496 0490 0515
1246808075 926546 0534 0520 0778 0494 0491 0515
1246808075 926559 0535 0518 0780 0496 0490 0515
1246808075 942545 0533 0520 0777 0495 0491 0515
1246808075 942557 0535 0521 0777 0495 0491 0515
1246808075 958580 0534 0521 0778 0496 0491 0516
1246808075 974546 0533 0521 0777 0499 0491 0515
1246808075 974559 0534 0525 0779 0495 0491 0515
1246808075 990545 0536 0522 0781 0496 0491 0515
1246808076 6546 0533 0521 0777 0496 0491 0515
1246808076 6559 0534 0519 0778 0496 0491 0514
1246808076 22550 0535 0520 0778 0496 0490 0514
1246808076 22562 0537 0522 0779 0493 0491 0515
1246808076 38549 0536 0523 0779 0495 0490 0515
1246808076 54544 0537 0522 0777 0494 0491 0515
1246808076 54556 0534 0520 0778 0496 0490 0515
1246808076 70546 0533 0522 0778 0495 0491 0515
1246808076 86543 0531 0519 0779 0496 0491 0515
1246808076 86555 0531 0522 0780 0495 0491 0515
1246808076 102583 0536 0522 0779 0496 0491 0514
1246808076 102604 0533 0521 0778 0497 0491 0515
1246808076 118554 0534 0524 0775 0495 0491 0514
1246808076 134549 0535 0521 0778 0496 0490 0515
1246808076 134562 0534 0522 0779 0494 0491 0514
1246808076 150547 0533 0522 0779 0496 0491 0515
1246808076 166546 0538 0522 0778 0493 0490 0515
1246808076 166558 0534 0520 0777 0496 0491 0514
1246808076 182547 0534 0522 0781 0495 0491 0515
1246808076 182559 0535 0521 0779 0495 0491 0514
1246808076 198552 0532 0522 0782 0496 0490 0515
1246808076 214548 0536 0523 0779 0495 0491 0515
1246808076 214561 0531 0522 0778 0495 0490 0515
1246808076 230550 0532 0520 0780 0496 0491 0515
1246808076 246545 0530 0521 0778 0495 0490 0514
1246808076 246558 0535 0521 0781 0496 0491 0515
1246808076 262570 0535 0524 0778 0495 0492 0515
1246808076 262588 0537 0523 0778 0498 0491 0515
1246808076 278553 0535 0523 0779 0496 0491 0515
1246808076 294548 0537 0522 0777 0497 0491 0515
1246808076 294560 0533 0521 0778 0494 0491 0515
1246808076 310547 0536 0521 0776 0496 0491 0514
1246808076 326545 0534 0524 0777 0496 0491 0515
1246808076 326558 0534 0524 0776 0496 0491 0514
1246808076 342549 0534 0520 0779 0495 0490 0515
1246808076 342562 0535 0519 0777 0498 0490 0515
1246808076 358551 0534 0517 0778 0496 0491 0515
1246808076 374547 0532 0518 0780 0495 0490 0514
1246808076 374559 0535 0518 0780 0495 0491 0515
1246808076 390547 0533 0520 0776 0495 0491 0515
1246808076 406572 0533 0520 0779 0497 0491 0515
1246808076 406590 0534 0522 0780 0496 0491 0515
1246808076 422548 0533 0522 0781 0497 0491 0515
1246808076 422560 0534 0522 0775 0495 0490 0515
1246808076 438552 0538 0519 0779 0494 0491 0515
1246808076 454547 0533 0523 0780 0495 0491 0515
1246808076 454559 0537 0520 0778 0496 0491 0515
1246808076 470547 0534 0524 0782 0496 0491 0515
1246808076 486548 0534 0520 0778 0495 0491 0516
1246808076 486561 0536 0521 0779 0496 0490 0515
1246808076 502547 0533 0521 0779 0494 0490 0515
1246808076 502559 0537 0522 0779 0495 0490 0515
1246808076 518549 0534 0521 0777 0496 0490 0515
1246808076 534548 0533 0523 0777 0495 0491 0515
1246808076 534561 0534 0521 0776 0497 0492 0515
1246808076 550587 0535 0523 0778 0496 0491 0515
1246808076 566572 0534 0524 0779 0496 0491 0515
1246808076 566591 0534 0522 0779 0497 0490 0515
1246808076 582549 0534 0523 0781 0496 0490 0515
1246808076 582562 0532 0520 0777 0495 0491 0515
1246808076 598552 0536 0520 0777 0496 0490 0515
1246808076 614547 0537 0524 0777 0495 0490 0515
1246808076 614559 0536 0518 0779 0495 0491 0515
1246808076 630547 0534 0521 0779 0496 0490 0515
1246808076 646547 0535 0523 0778 0494 0491 0515
1246808076 646560 0537 0522 0780 0495 0490 0515
1246808076 662548 0534 0522 0779 0495 0491 0515
1246808076 662560 0534 0524 0778 0495 0491 0515
1246808076 678550 0538 0520 0779 0494 0490 0515
1246808076 694547 0533 0520 0781 0495 0491 0515
1246808076 694559 0534 0522 0779 0495 0491 0515
1246808076 710570 0532 0523 0779 0494 0491 0515
1246808076 726546 0534 0520 0778 0496 0491 0515
1246808076 726558 0535 0521 0778 0495 0490 0515
1246808076 742545 0533 0522 0780 0494 0491 0514
1246808076 742557 0533 0520 0777 0498 0491 0515
1246808076 758552 0535 0522 0778 0495 0490 0514
1246808076 774546 0532 0522 0777 0495 0490 0515
1246808076 774558 0534 0521 0779 0495 0490 0515
1246808076 790547 0535 0520 0780 0496 0491 0515
1246808076 806545 0534 0521 0779 0494 0491 0514
1246808076 806557 0533 0523 0779 0496 0491 0515
1246808076 822545 0534 0522 0780 0495 0491 0515
1246808076 822557 0534 0521 0779 0495 0492 0515
1246808076 838548 0533 0520 0779 0496 0491 0515
1246808076 854579 0532 0523 0781 0496 0491 0515
1246808076 854598 0531 0519 0778 0495 0491 0515
1246808076 870547 0533 0522 0779 0496 0491 0514
1246808076 886544 0536 0523 0778 0496 0490 0515
1246808076 886557 0531 0519 0779 0496 0490 0515
1246808076 902546 0533 0523 0780 0497 0490 0515
1246808076 902558 0533 0522 0776 0496 0491 0515
1246808076 918551 0536 0519 0778 0495 0491 0515
1246808076 934545 0536 0521 0781 0495 0491 0515
1246808076 934558 0533 0523 0778 0497 0490 0515
1246808076 950548 0530 0519 0779 0495 0491 0515
1246808076 966546 0535 0520 0781 0497 0490 0515
1246808076 966558 0534 0519 0777 0494 0490 0515
1246808076 982548 0535 0523 0778 0494 0491 0515
1246808076 982560 0533 0522 0778 0495 0491 0514
1246808076 998552 0534 0523 0778 0497 0490 0515
1246808077 14566 0534 0521 0776 0496 0491 0515
1246808077 14585 0532 0521 0780 0496 0490 0515
1246808077 30545 0538 0522 0778 0497 0491 0515
1246808077 46545 0534 0525 0779 0496 0490 0515
1246808077 46558 0534 0521 0778 0496 0491 0515
1246808077 62549 0531 0521 0777 0495 0490 0514
1246808077 62562 0529 0523 0779 0497 0490 0514
1246808077 78548 0537 0521 0775 0495 0491 0515
1246808077 94545 0534 0520 0778 0495 0491 0515
1246808077 94557 0534 0519 0780 0497 0490 0514
1246808077 110545 0532 0518 0779 0495 0491 0515
1246808077 126544 0530 0519 0778 0496 0491 0515
1246808077 126556 0533 0521 0777 0496 0491 0515
1246808077 142544 0535 0523 0778 0494 0491 0515
1246808077 142556 0533 0523 0775 0494 0491 0515
1246808077 158577 0535 0522 0776 0496 0491 0515
1246808077 174550 0534 0519 0781 0495 0491 0515
1246808077 174563 0534 0519 0780 0495 0491 0515
1246808077 190545 0534 0521 0777 0495 0491 0515
1246808077 206548 0534 0522 0779 0494 0491 0515
1246808077 206561 0534 0520 0779 0495 0491 0515
1246808077 222546 0533 0521 0779 0496 0490 0515
1246808077 222558 0533 0521 0781 0496 0490 0514
1246808077 238549 0535 0523 0777 0497 0491 0515
1246808077 254545 0538 0521 0781 0496 0491 0514
1246808077 254557 0534 0520 0780 0495 0491 0515
1246808077 270548 0532 0521 0779 0496 0491 0515
1246808077 286547 0533 0520 0779 0497 0491 0515
1246808077 286560 0537 0524 0780 0497 0491 0514
1246808077 302546 0534 0521 0778 0497 0491 0515
1246808077 302558 0535 0522 0780 0496 0491 0515
1246808077 318574 0533 0520 0779 0495 0491 0515
1246808077 334548 0534 0521 0779 0496 0491 0515
1246808077 334560 0533 0519 0778 0495 0491 0515
1246808077 350548 0538 0520 0780 0496 0491 0515
1246808077 366545 0533 0524 0779 0494 0492 0515
1246808077 366557 0536 0522 0780 0495 0491 0515
1246808077 382550 0535 0522 0779 0496 0491 0514
1246808077 382563 0533 0521 0778 0495 0492 0515
1246808077 398551 0535 0522 0777 0495 0491 0515
1246808077 414547 0535 0521 0778 0496 0490 0515
1246808077 414559 0535 0521 0780 0495 0490 0515
1246808077 430548 0534 0521 0780 0495 0490 0515
1246808077 446543 0535 0525 0779 0497 0491 0514
1246808077 446555 0533 0522 0776 0495 0490 0515
1246808077 462569 0533 0521 0776 0495 0491 0515
1246808077 462586 0533 0521 0777 0492 0490 0515
1246808077 478557 0533 0520 0778 0495 0491 0515
1246808077 494547 0534 0517 0778 0496 0491 0514
1246808077 494559 0535 0519 0778 0495 0490 0515
1246808077 510548 0535 0522 0778 0495 0491 0514
1246808077 526542 0533 0520 0780 0497 0490 0515
1246808077 526555 0533 0522 0778 0496 0491 0516
1246808077 542547 0534 0522 0780 0496 0491 0515
1246808077 542559 0534 0525 0780 0494 0491 0515
1246808077 558581 0533 0521 0782 0496 0491 0515
1246808077 574546 0535 0519 0781 0496 0491 0514
1246808077 574558 0536 0520 0778 0494 0490 0515
1246808077 590547 0534 0520 0778 0496 0490 0515
1246808077 606573 0538 0523 0780 0495 0490 0515
1246808077 606592 0535 0519 0780 0495 0490 0515
1246808077 622551 0534 0526 0782 0495 0490 0515
1246808077 622564 0534 0523 0780 0497 0491 0515
1246808077 638554 0535 0518 0781 0495 0490 0515
1246808077 654548 0531 0521 0778 0495 0490 0515
1246808077 654560 0532 0521 0779 0496 0491 0515
1246808077 670547 0536 0520 0779 0495 0491 0514
1246808077 686549 0534 0523 0779 0494 0490 0515
1246808077 686562 0536 0521 0777 0493 0491 0515
1246808077 702546 0535 0521 0778 0496 0491 0515
1246808077 702558 0531 0520 0782 0496 0490 0515
1246808077 718551 0535 0520 0779 0496 0491 0515
1246808077 734546 0538 0522 0780 0495 0492 0514
1246808077 734558 0534 0520 0778 0496 0491 0515
1246808077 750547 0535 0520 0781 0495 0491 0515
1246808077 766566 0533 0521 0779 0493 0492 0515
1246808077 766583 0535 0524 0781 0495 0492 0515
1246808077 782549 0536 0522 0778 0496 0490 0515
1246808077 782563 0532 0520 0779 0495 0491 0515
1246808077 798553 0533 0522 0780 0494 0491 0515
1246808077 814548 0530 0521 0778 0495 0491 0515
1246808077 814560 0532 0521 0777 0495 0492 0515
1246808077 830548 0535 0520 0782 0496 0490 0515
1246808077 846546 0542 0518 0777 0497 0491 0515
1246808077 846559 0526 0530 0778 0497 0491 0515
1246808077 862547 0535 0516 0782 0495 0492 0515
1246808077 862559 0543 0506 0782 0495 0491 0515
1246808077 878552 0532 0521 0774 0494 0491 0514
1246808077 894549 0538 0526 0780 0496 0491 0515
1246808077 894561 0536 0518 0782 0496 0491 0515
1246808077 910575 0535 0523 0781 0494 0490 0514
1246808077 926546 0536 0522 0778 0496 0492 0515
1246808077 926558 0535 0519 0776 0495 0492 0515
1246808077 942547 0535 0521 0781 0494 0491 0515
1246808077 942560 0534 0518 0779 0496 0491 0515
1246808077 958549 0532 0516 0776 0496 0491 0515
1246808077 974546 0529 0524 0775 0495 0491 0515
1246808077 974558 0534 0526 0777 0495 0491 0515
1246808077 990546 0536 0522 0777 0494 0491 0515
1246808078 6552 0534 0521 0781 0496 0490 0515
1246808078 6565 0535 0516 0779 0495 0491 0515
1246808078 22547 0534 0515 0783 0494 0491 0515
1246808078 22559 0534 0521 0779 0497 0490 0515
1246808078 38554 0530 0533 0780 0496 0491 0515
1246808078 54546 0544 0526 0773 0495 0492 0515
1246808078 54558 0535 0520 0780 0496 0491 0515
1246808078 70571 0529 0517 0783 0495 0490 0515
1246808078 86549 0533 0512 0781 0496 0490 0515
1246808078 86562 0533 0521 0779 0496 0491 0514
1246808078 102552 0535 0527 0778 0495 0491 0515
1246808078 102565 0532 0523 0781 0496 0490 0515
1246808078 118551 0539 0523 0776 0495 0490 0515
1246808078 134549 0534 0524 0778 0495 0491 0515
1246808078 134561 0541 0525 0778 0494 0490 0515
1246808078 150550 0537 0513 0785 0494 0490 0514
1246808078 166544 0532 0525 0785 0496 0491 0515
1246808078 166557 0531 0522 0777 0494 0492 0514
1246808078 182548 0540 0518 0777 0496 0492 0515
1246808078 182560 0531 0526 0778 0495 0491 0514
1246808078 198551 0526 0527 0776 0495 0491 0515
1246808078 214580 0538 0521 0779 0496 0491 0515
1246808078 214598 0533 0520 0776 0497 0492 0515
1246808078 230546 0534 0520 0779 0495 0491 0514
1246808078 246546 0533 0514 0781 0497 0490 0515
1246808078 246559 0533 0518 0782 0495 0490 0515
1246808078 262546 0536 0524 0779 0495 0490 0514
1246808078 262559 0533 0526 0778 0497 0491 0515
1246808078 278550 0534 0522 0780 0496 0492 0515
1246808078 294547 0535 0523 0778 0495 0490 0515
1246808078 294560 0534 0521 0777 0495 0490 0515
1246808078 310549 0536 0519 0779 0496 0490 0515
1246808078 326546 0533 0522 0782 0497 0491 0515
1246808078 326559 0533 0523 0779 0494 0490 0515
1246808078 342547 0537 0520 0774 0494 0492 0515
1246808078 342559 0536 0522 0778 0496 0491 0514
1246808078 358580 0532 0521 0780 0496 0491 0515
1246808078 374546 0537 0524 0778 0495 0492 0515
1246808078 374558 0539 0521 0781 0495 0492 0515
1246808078 390549 0531 0520 0781 0496 0491 0515
1246808078 406545 0529 0515 0780 0497 0490 0515
1246808078 406557 0538 0519 0779 0496 0490 0514
1246808078 422548 0535 0518 0779 0494 0491 0515
1246808078 422561 0538 0525 0778 0495 0491 0515
1246808078 438550 0536 0525 0779 0496 0491 0514
1246808078 454546 0533 0520 0778 0496 0491 0515
1246808078 454559 0529 0516 0777 0495 0492 0515
1246808078 470547 0536 0521 0777 0495 0491 0515
1246808078 470559 0537 0521 0779 0497 0491 0515
1246808078 486550 0535 0523 0782 0496 0491 0514
1246808078 502546 0533 0524 0777 0496 0492 0515
1246808078 502558 0531 0519 0777 0496 0491 0515
1246808078 518577 0538 0516 0779 0496 0491 0515
1246808078 534547 0534 0521 0779 0496 0491 0515
1246808078 534560 0535 0524 0779 0495 0491 0515
1246808078 550583 0534 0526 0777 0496 0490 0514
1246808078 566546 0533 0524 0776 0494 0491 0515
1246808078 566559 0534 0520 0781 0495 0492 0515
1246808078 582547 0533 0519 0780 0497 0491 0515
1246808078 582560 0532 0515 0779 0495 0491 0515
1246808078 598549 0533 0525 0777 0496 0491 0515
1246808078 614546 0535 0528 0781 0496 0490 0515
1246808078 614558 0532 0521 0779 0495 0491 0515
1246808078 630550 0533 0517 0778 0494 0491 0515
1246808078 630563 0534 0517 0776 0495 0491 0515
1246808078 646551 0535 0517 0780 0496 0491 0515
1246808078 662576 0535 0519 0784 0497 0491 0515
1246808078 662593 0531 0525 0777 0494 0490 0514
1246808078 678552 0533 0519 0773 0496 0491 0515
1246808078 694550 0536 0524 0779 0496 0490 0514
1246808078 694562 0537 0521 0780 0496 0491 0515
1246808078 710549 0536 0520 0778 0495 0491 0515
1246808078 726548 0538 0519 0779 0494 0490 0515
1246808078 726560 0532 0519 0779 0496 0491 0515
1246808078 742547 0536 0522 0780 0496 0490 0515
1246808078 742559 0536 0521 0775 0495 0490 0515
1246808078 758551 0534 0524 0776 0495 0491 0515
1246808078 774547 0533 0525 0776 0495 0491 0514
1246808078 774559 0533 0522 0779 0495 0491 0515
1246808078 790547 0534 0519 0778 0495 0491 0514
1246808078 790559 0532 0521 0778 0496 0491 0515
1246808078 806552 0532 0520 0777 0496 0491 0515
1246808078 822569 0534 0522 0778 0495 0491 0515
1246808078 822586 0538 0521 0780 0496 0491 0515
1246808078 838557 0535 0523 0779 0495 0491 0514
1246808078 854548 0531 0522 0779 0498 0492 0515
1246808078 854560 0534 0523 0780 0497 0491 0515
1246808078 870548 0533 0523 0779 0496 0491 0515
1246808078 870560 0539 0522 0777 0496 0492 0515
1246808078 886551 0534 0521 0779 0493 0491 0515
1246808078 902549 0532 0521 0780 0496 0490 0515
1246808078 902561 0534 0520 0777 0495 0491 0515
1246808078 918550 0535 0523 0779 0494 0491 0515
1246808078 934550 0535 0520 0779 0494 0491 0515
1246808078 934562 0534 0526 0780 0496 0491 0515
1246808078 950549 0532 0518 0779 0496 0491 0515
1246808078 950561 0533 0517 0780 0495 0491 0515
1246808078 966580 0531 0518 0782 0494 0491 0515
1246808078 982548 0534 0519 0782 0497 0491 0515
1246808078 982561 0532 0520 0781 0495 0490 0515
1246808078 998556 0534 0520 0777 0495 0490 0515
1246808079 14548 0535 0521 0780 0495 0491 0515
1246808079 14561 0532 0521 0779 0496 0491 0515
1246808079 30549 0532 0521 0777 0494 0491 0515
1246808079 30561 0535 0522 0780 0494 0491 0515
1246808079 46551 0535 0519 0778 0496 0491 0514
1246808079 62547 0535 0524 0781 0497 0491 0515
1246808079 62559 0531 0522 0778 0497 0492 0515
1246808079 78549 0534 0523 0780 0497 0491 0515
1246808079 94547 0534 0523 0781 0497 0491 0515
1246808079 94560 0534 0516 0779 0496 0491 0514
1246808079 110576 0536 0522 0777 0496 0490 0515
1246808079 110593 0537 0531 0776 0495 0490 0515
1246808079 126552 0537 0529 0773 0496 0492 0514
1246808079 142552 0527 0525 0783 0496 0491 0515
1246808079 142565 0537 0508 0791 0494 0491 0515
1246808079 158554 0539 0512 0779 0496 0489 0515
1246808079 174547 0528 0537 0770 0495 0490 0515
1246808079 174560 0533 0546 0775 0495 0491 0515
1246808079 190547 0536 0524 0778 0497 0492 0515
1246808079 190559 0533 0518 0777 0497 0492 0515
1246808079 206555 0530 0516 0782 0495 0491 0515
1246808079 222546 0540 0513 0781 0497 0490 0515
1246808079 222559 0537 0501 0792 0494 0491 0515
1246808079 238551 0535 0513 0782 0496 0491 0516
1246808079 254549 0526 0533 0770 0494 0490 0515
1246808079 254561 0534 0542 0764 0495 0491 0514
1246808079 270569 0543 0530 0780 0496 0491 0515
1246808079 270587 0529 0518 0789 0495 0491 0515
1246808079 286554 0527 0513 0782 0495 0490 0515
1246808079 302549 0536 0512 0781 0494 0491 0515
1246808079 302561 0537 0512 0781 0495 0491 0514
1246808079 318551 0536 0526 0784 0496 0491 0515
1246808079 334547 0533 0534 0777 0495 0491 0514
1246808079 334560 0536 0529 0772 0497 0491 0515
1246808079 350551 0529 0522 0775 0496 0492 0515
1246808079 350563 0532 0522 0784 0496 0492 0514
1246808079 366551 0534 0515 0782 0495 0490 0515
1246808079 382548 0534 0509 0779 0496 0490 0515
1246808079 382560 0535 0517 0774 0495 0491 0515
1246808079 398551 0535 0527 0779 0496 0492 0515
1246808079 414573 0534 0528 0777 0496 0491 0515
1246808079 414591 0531 0522 0777 0497 0492 0515
1246808079 430547 0530 0518 0776 0496 0491 0515
1246808079 430560 0532 0520 0780 0495 0491 0515
1246808079 446550 0533 0511 0781 0495 0491 0515
1246808079 462548 0534 0517 0783 0496 0491 0515
1246808079 462560 0539 0519 0780 0496 0491 0515
1246808079 478551 0533 0521 0778 0496 0491 0515
1246808079 494545 0533 0525 0777 0496 0491 0515
1246808079 494558 0534 0526 0778 0499 0491 0515
1246808079 520685 0537 0520 0777 0496 0491 0515
1246808079 520739 0532 0521 0784 0495 0491 0515
1246808079 536662 0535 0518 0781 0496 0491 0515
1246808079 543912 0533 0519 0779 0495 0491 0515
1246808079 543944 0530 0519 0776 0494 0491 0515
1246808079 562002 0531 0524 0776 0496 0492 0515
1246808079 574643 0534 0527 0777 0495 0490 0515
1246808079 574670 0536 0522 0780 0495 0491 0515
1246808079 590627 0529 0522 0778 0497 0491 0515
1246808079 590657 0532 0520 0782 0496 0490 0514
1246808079 606553 0532 0518 0783 0498 0491 0515
1246808079 622550 0534 0518 0782 0494 0491 0515
1246808079 622563 0541 0521 0779 0497 0490 0515
1246808079 638551 0538 0522 0776 0496 0491 0514
1246808079 654548 0530 0524 0778 0494 0491 0515
1246808079 654560 0533 0518 0780 0494 0491 0515
1246808079 670550 0531 0520 0779 0495 0491 0515
1246808079 670563 0530 0518 0782 0494 0490 0515
1246808079 686552 0536 0517 0780 0496 0490 0515
1246808079 702546 0533 0524 0779 0497 0491 0515
1246808079 702558 0534 0524 0777 0497 0490 0514
1246808079 718552 0531 0520 0781 0496 0491 0514
1246808079 734547 0531 0523 0777 0497 0491 0515
1246808079 734559 0533 0523 0780 0497 0491 0515
1246808079 750600 0534 0519 0779 0495 0490 0515
1246808079 750624 0535 0519 0782 0495 0490 0515
1246808079 766558 0534 0520 0777 0494 0490 0515
1246808079 782549 0532 0520 0778 0496 0491 0515
1246808079 782561 0536 0523 0775 0496 0491 0515
1246808079 798550 0531 0524 0779 0496 0491 0515
1246808079 814547 0536 0523 0779 0497 0491 0515
1246808079 814559 0534 0516 0777 0496 0490 0514
1246808079 830547 0531 0521 0780 0497 0490 0515
1246808079 830560 0532 0518 0781 0494 0491 0515
1246808079 846638 0534 0519 0780 0496 0491 0515
1246808079 862578 0532 0523 0777 0495 0491 0515
1246808079 862598 0534 0522 0779 0498 0491 0515
1246808079 878596 0534 0521 0779 0497 0491 0515
1246808079 894591 0533 0521 0777 0494 0491 0515
1246808079 894614 0535 0521 0779 0495 0490 0515
1246808079 910550 0531 0521 0779 0496 0492 0515
1246808079 910563 0535 0519 0781 0496 0491 0515
1246808079 926552 0534 0519 0778 0495 0491 0515
1246808079 942555 0537 0521 0779 0497 0491 0515
1246808079 942630 0534 0520 0781 0493 0491 0515
1246808079 958555 0534 0523 0780 0495 0491 0515
1246808079 974550 0535 0522 0778 0494 0491 0515
1246808079 974562 0534 0524 0779 0496 0490 0514
1246808079 990549 0532 0518 0778 0495 0491 0514
1246808079 990562 0532 0522 0780 0497 0491 0515
1246808080 6555 0534 0519 0778 0496 0491 0515
1246808080 22549 0534 0520 0781 0495 0490 0515
1246808080 22561 0534 0520 0783 0496 0490 0514
1246808080 38581 0533 0516 0779 0496 0490 0515
1246808080 54551 0533 0519 0779 0496 0491 0515
1246808080 54564 0536 0521 0776 0496 0490 0514
1246808080 70550 0536 0528 0775 0495 0490 0515
1246808080 70562 0535 0527 0777 0496 0490 0515
1246808080 86554 0535 0519 0778 0495 0491 0515
1246808080 102548 0537 0518 0780 0494 0491 0515
1246808080 102560 0536 0518 0780 0495 0491 0515
1246808080 118553 0537 0522 0779 0495 0491 0515
1246808080 134546 0533 0524 0777 0495 0490 0515
1246808080 134558 0534 0525 0778 0496 0491 0515
1246808080 150613 0536 0520 0777 0495 0491 0515
1246808080 150638 0532 0521 0780 0494 0491 0515
1246808080 166556 0534 0516 0783 0496 0491 0515
1246808080 182583 0535 0518 0778 0494 0490 0515
1246808080 182601 0533 0525 0778 0496 0490 0514
1246808080 198554 0535 0525 0779 0494 0491 0515
1246808080 214554 0537 0523 0778 0496 0491 0514
1246808080 214566 0534 0521 0777 0496 0491 0515
1246808080 230611 0534 0519 0778 0498 0490 0515
1246808080 230636 0535 0515 0780 0495 0490 0515
1246808080 246561 0538 0519 0781 0495 0490 0515
1246808080 262549 0534 0520 0779 0495 0491 0514
1246808080 262561 0533 0521 0777 0496 0491 0515
1246808080 278550 0535 0524 0777 0494 0491 0515
1246808080 294549 0535 0522 0780 0495 0490 0515
1246808080 294561 0533 0524 0779 0495 0490 0515
1246808080 310548 0537 0520 0780 0495 0491 0515
1246808080 310560 0535 0524 0781 0495 0491 0515
1246808080 326550 0532 0520 0777 0495 0491 0515
1246808080 342579 0533 0522 0779 0497 0491 0515
1246808080 342597 0533 0523 0780 0497 0491 0515
1246808080 358552 0534 0521 0780 0496 0492 0515
1246808080 374547 0532 0519 0778 0495 0490 0515
1246808080 374559 0535 0521 0779 0494 0491 0515
1246808080 390550 0535 0519 0777 0496 0491 0515
1246808080 390563 0537 0524 0777 0495 0490 0515
1246808080 406552 0535 0522 0781 0496 0491 0515
1246808080 422548 0533 0523 0778 0495 0490 0514
1246808080 422560 0532 0525 0778 0497 0491 0515
1246808080 438551 0537 0522 0780 0495 0491 0515
1246808080 454547 0529 0521 0781 0495 0490 0515
1246808080 454559 0536 0522 0779 0496 0491 0515
1246808080 470546 0535 0517 0780 0496 0491 0515
1246808080 470558 0531 0524 0779 0496 0492 0515
1246808080 486578 0532 0519 0782 0495 0491 0514
1246808080 502551 0536 0518 0781 0495 0491 0515
1246808080 502564 0532 0525 0779 0496 0491 0515
1246808080 518551 0532 0520 0777 0496 0491 0515
1246808080 534548 0533 0523 0776 0495 0491 0515
1246808080 534560 0535 0520 0778 0497 0491 0514
1246808080 550585 0537 0519 0780 0496 0491 0515
1246808080 550605 0534 0522 0780 0496 0491 0515
1246808080 566554 0536 0522 0779 0496 0490 0514
1246808080 582557 0535 0524 0777 0496 0491 0515
1246808080 582570 0537 0522 0777 0495 0490 0515
1246808080 598559 0536 0524 0778 0494 0490 0515
1246808080 614554 0536 0522 0777 0496 0491 0515
1246808080 614568 0536 0516 0780 0496 0490 0516
1246808080 630587 0531 0515 0783 0496 0491 0515
1246808080 630610 0533 0518 0780 0495 0491 0515
1246808080 646575 0529 0522 0780 0496 0491 0514
1246808080 662576 0533 0525 0774 0496 0491 0514
1246808080 662593 0536 0517 0778 0495 0491 0515
1246808080 678581 0534 0519 0781 0495 0491 0515
1246808080 694561 0534 0521 0779 0496 0491 0515
1246808080 694578 0534 0522 0781 0496 0491 0514
1246808080 710562 0537 0520 0782 0496 0491 0515
1246808080 710577 0534 0524 0779 0496 0491 0515
1246808080 725558 0533 0522 0781 0495 0491 0515
1246808080 741555 0534 0519 0780 0496 0491 0515
1246808080 741569 0537 0517 0778 0496 0490 0515
1246808080 757557 0531 0520 0779 0494 0490 0515
1246808080 773585 0537 0519 0781 0495 0491 0515
1246808080 773607 0535 0518 0778 0496 0490 0515
1246808080 789559 0534 0519 0778 0496 04