1246807661 497199 0538 0526 0779 0496 0490 0511
1246807661 502504 0535 0526 0781 0495 0490 0512
1246807661 502512 0534 0523 0781 0496 0490 0513
1246807661 502519 0534 0522 0777 0494 0491 0513
1246807661 502526 0532 0527 0777 0495 0490 0513
1246807661 502532 0532 0526 0782 0496 0491 0513
1246807661 502539 0536 0527 0780 0496 0491 0513
1246807661 502545 0536 0525 0779 0495 0490 0512
1246807661 502552 0537 0527 0780 0495 0490 0513
1246807661 502559 0535 0522 0782 0496 0491 0514
1246807661 502566 0541 0515 0781 0496 0491 0514
1246807661 502573 0544 0516 0779 0494 0491 0515
1246807661 502580 0534 0519 0778 0495 0491 0516
1246807661 502587 0530 0523 0778 0495 0491 0515
1246807661 502594 0531 0529 0776 0495 0490 0515
1246807661 502601 0533 0529 0773 0495 0491 0515
1246807661 502608 0527 0529 0774 0498 0491 0515
1246807664 605556 0529 0517 0776 0494 0492 0515
1246807664 621522 0531 0517 0780 0495 0491 0515
1246807664 637501 0529 0517 0780 0494 0491 0515
1246807664 637510 0532 0518 0779 0493 0491 0515
1246807664 653501 0531 0518 0779 0495 0491 0515
1246807664 653510 0534 0518 0780 0494 0491 0515
1246807664 669500 0530 0520 0780 0494 0491 0515
1246807664 685498 0526 0519 0777 0492 0491 0515
1246807664 685507 0527 0520 0777 0494 0492 0516
1246807664 701496 0526 0522 0777 0494 0491 0514
1246807664 717496 0529 0520 0778 0495 0491 0515
1246807664 717505 0531 0519 0776 0493 0491 0515
1246807664 733497 0530 0519 0779 0495 0491 0515
1246807664 733505 0529 0517 0778 0495 0490 0514
1246807664 749496 0531 0517 0779 0495 0492 0516
1246807664 765497 0530 0518 0777 0496 0491 0515
1246807664 765505 0531 0519 0780 0497 0491 0515
1246807664 781523 0526 0519 0776 0494 0491 0515
1246807664 797499 0526 0519 0777 0494 0491 0515
1246807664 797508 0529 0517 0780 0496 0491 0516
1246807664 813500 0530 0522 0776 0494 0491 0515
1246807664 813508 0531 0519 0779 0493 0491 0515
1246807664 829498 0531 0516 0778 0495 0490 0515
1246807664 845497 0530 0519 0778 0495 0491 0515
1246807664 845506 0524 0520 0777 0495 0490 0515
1246807664 861500 0530 0517 0780 0494 0491 0515
1246807664 877498 0528 0518 0778 0494 0490 0515
1246807664 877511 0530 0518 0775 0495 0491 0515
1246807664 893494 0532 0518 0780 0495 0490 0515
1246807664 893507 0530 0519 0779 0494 0491 0515
1246807664 909499 0531 0520 0778 0495 0491 0515
1246807664 925513 0531 0517 0781 0495 0490 0515
1246807664 925529 0532 0519 0779 0496 0491 0515
1246807664 941498 0529 0519 0780 0495 0491 0515
1246807664 957498 0529 0520 0780 0496 0491 0514
1246807664 957511 0529 0517 0778 0495 0491 0515
1246807664 973497 0530 0521 0778 0496 0491 0515
1246807664 973510 0529 0521 0780 0494 0491 0515
1246807664 989499 0528 0522 0782 0493 0491 0515
1246807665 5497 0532 0519 0781 0495 0491 0515
1246807665 5510 0529 0517 0779 0493 0490 0515
1246807665 21498 0531 0519 0781 0495 0490 0515
1246807665 37494 0528 0520 0780 0495 0491 0515
1246807665 37506 0531 0519 0779 0495 0491 0515
1246807665 53493 0529 0521 0781 0494 0491 0515
1246807665 53506 0532 0520 0782 0494 0491 0515
1246807665 69518 0529 0519 0778 0494 0490 0515
1246807665 85498 0530 0517 0779 0497 0490 0515
1246807665 85511 0532 0518 0778 0494 0490 0515
1246807665 101500 0525 0518 0778 0492 0490 0515
1246807665 117493 0527 0520 0777 0495 0491 0515
1246807665 117506 0531 0519 0778 0495 0491 0515
1246807665 133494 0528 0520 0780 0494 0491 0515
1246807665 133507 0528 0518 0780 0495 0491 0515
1246807665 149498 0530 0521 0778 0493 0491 0514
1246807665 165494 0529 0517 0777 0493 0491 0515
1246807665 165506 0530 0518 0779 0497 0491 0515
1246807665 181497 0530 0519 0778 0494 0490 0515
1246807665 197500 0531 0518 0776 0495 0490 0515
1246807665 197513 0528 0518 0776 0494 0490 0515
1246807665 213495 0529 0519 0778 0495 0491 0515
1246807665 213507 0531 0517 0778 0496 0490 0515
1246807665 229522 0531 0516 0779 0496 0491 0515
1246807665 245496 0531 0517 0781 0495 0491 0515
1246807665 245509 0529 0518 0780 0497 0491 0515
1246807665 261500 0530 0519 0779 0496 0490 0515
1246807665 277495 0529 0518 0779 0494 0491 0515
1246807665 277507 0531 0516 0774 0495 0490 0515
1246807665 293499 0526 0524 0780 0495 0491 0515
1246807665 293580 0528 0520 0779 0495 0491 0515
1246807665 309499 0528 0520 0779 0496 0490 0514
1246807665 325497 0530 0519 0776 0495 0490 0515
1246807665 325509 0532 0519 0780 0495 0490 0515
1246807665 341499 0530 0517 0780 0494 0490 0514
1246807665 357495 0527 0516 0781 0496 0490 0515
1246807665 357508 0532 0521 0781 0497 0491 0514
1246807665 373515 0531 0521 0779 0495 0491 0514
1246807665 373532 0528 0521 0778 0496 0490 0515
1246807665 389498 0529 0519 0781 0497 0490 0514
1246807665 405498 0528 0524 0778 0495 0491 0515
1246807665 405511 0529 0518 0782 0494 0490 0515
1246807665 421498 0531 0521 0780 0496 0489 0515
1246807665 437494 0530 0521 0780 0497 0490 0515
1246807665 437506 0533 0518 0778 0496 0490 0514
1246807665 453493 0528 0516 0778 0494 0490 0515
1246807665 453505 0526 0518 0779 0496 0490 0515
1246807665 469497 0533 0518 0780 0496 0491 0514
1246807665 485498 0528 0519 0779 0495 0490 0515
1246807665 485510 0528 0518 0779 0494 0491 0515
1246807665 501499 0532 0518 0781 0496 0490 0514
1246807665 517747 0531 0518 0779 0494 0491 0515
1246807665 517765 0530 0518 0778 0494 0491 0515
1246807665 533497 0532 0520 0779 0494 0491 0515
1246807665 533510 0528 0519 0778 0494 0490 0514
1246807665 549531 0529 0519 0780 0497 0490 0515
1246807665 565498 0529 0519 0780 0495 0490 0515
1246807665 565511 0528 0519 0780 0495 0490 0515
1246807665 581493 0527 0518 0779 0494 0490 0515
1246807665 597493 0531 0520 0779 0495 0490 0515
1246807665 597506 0533 0519 0779 0495 0490 0515
1246807665 613500 0530 0517 0780 0494 0491 0515
1246807665 613514 0528 0520 0782 0494 0490 0515
1246807665 629496 0528 0521 0775 0495 0490 0516
1246807665 645493 0529 0516 0779 0494 0490 0514
1246807665 645506 0529 0515 0777 0495 0490 0515
1246807665 661498 0528 0518 0778 0494 0490 0515
1246807665 677518 0528 0524 0776 0494 0491 0515
1246807665 677535 0531 0519 0781 0496 0491 0515
1246807665 693496 0530 0518 0778 0495 0490 0515
1246807665 693508 0531 0519 0778 0496 0490 0515
1246807665 709500 0529 0519 0779 0496 0490 0515
1246807665 725495 0530 0519 0780 0497 0490 0515
1246807665 725508 0528 0519 0775 0495 0491 0515
1246807665 741499 0533 0519 0779 0496 0491 0515
1246807665 757494 0530 0519 0777 0495 0490 0514
1246807665 757507 0532 0518 0781 0496 0490 0515
1246807665 773494 0527 0518 0781 0493 0490 0515
1246807665 773507 0529 0515 0776 0495 0489 0515
1246807665 789498 0531 0517 0778 0496 0490 0515
1246807665 805496 0529 0521 0778 0495 0491 0515
1246807665 805508 0528 0516 0781 0494 0490 0514
1246807665 821522 0528 0518 0783 0496 0491 0515
1246807665 837496 0529 0517 0779 0495 0490 0514
1246807665 837509 0531 0519 0778 0493 0491 0515
1246807665 853494 0531 0519 0776 0496 0490 0514
1246807665 853506 0527 0517 0779 0494 0491 0515
1246807665 869502 0530 0521 0779 0495 0490 0515
1246807665 889443 0528 0515 0777 0496 0491 0515
1246807665 889463 0529 0520 0780 0495 0490 0515
1246807665 901506 0530 0519 0779 0496 0490 0515
1246807665 917500 0531 0519 0777 0498 0490 0514
1246807665 917513 0529 0519 0778 0494 0490 0515
1246807665 933498 0531 0518 0778 0494 0490 0515
1246807665 933512 0531 0520 0779 0496 0490 0515
1246807665 949520 0529 0518 0780 0497 0491 0515
1246807665 965499 0526 0518 0777 0496 0491 0515
1246807665 965513 0529 0519 0777 0496 0490 0515
1246807665 981509 0530 0514 0780 0496 0490 0515
1246807665 997498 0530 0513 0779 0495 0490 0514
1246807665 997511 0551 0539 0774 0495 0490 0514
1246807666 13500 0532 0520 0777 0496 0492 0515
1246807666 13513 0531 0512 0779 0496 0490 0514
1246807666 29504 0527 0515 0782 0497 0491 0515
1246807666 45497 0535 0522 0778 0494 0491 0517
1246807666 45511 0540 0524 0779 0495 0490 0518
1246807666 61505 0528 0521 0779 0495 0491 0519
1246807666 77498 0534 0521 0779 0495 0490 0519
1246807666 77511 0530 0517 0780 0494 0490 0520
1246807666 93498 0544 0525 0781 0496 0489 0522
1246807666 93512 0535 0528 0781 0496 0490 0523
1246807666 109501 0533 0526 0776 0494 0490 0524
1246807666 125506 0520 0506 0784 0496 0491 0526
1246807666 125521 0557 0498 0776 0494 0489 0520
1246807666 141501 0542 0535 0777 0497 0490 0525
1246807666 157499 0531 0519 0779 0496 0490 0523
1246807666 157578 0523 0530 0776 0496 0489 0524
1246807666 173500 0532 0512 0780 0495 0489 0523
1246807666 173514 0550 0506 0777 0497 0489 0525
1246807666 189502 0513 0528 0779 0499 0491 0524
1246807666 205500 0543 0529 0780 0494 0490 0524
1246807666 205513 0530 0512 0785 0496 0491 0523
1246807666 221496 0535 0519 0775 0496 0491 0524
1246807666 237498 0526 0520 0776 0496 0491 0524
1246807666 237512 0540 0525 0777 0495 0490 0524
1246807666 253498 0532 0530 0778 0495 0491 0524
1246807666 253511 0536 0512 0774 0495 0490 0524
1246807666 269535 0529 0528 0778 0495 0490 0525
1246807666 285498 0524 0521 0782 0496 0490 0523
1246807666 285511 0535 0535 0779 0497 0490 0524
1246807666 301497 0530 0526 0777 0493 0491 0523
1246807666 317499 0533 0524 0776 0496 0491 0523
1246807666 317512 0528 0529 0777 0495 0489 0523
1246807666 333500 0529 0535 0778 0497 0489 0523
1246807666 333513 0533 0538 0775 0497 0488 0522
1246807666 349500 0532 0528 0780 0498 0490 0522
1246807666 365497 0537 0515 0783 0498 0490 0522
1246807666 365510 0539 0502 0783 0497 0490 0520
1246807666 381496 0526 0517 0780 0495 0490 0520
1246807666 397497 0526 0526 0784 0495 0490 0519
1246807666 397510 0536 0524 0780 0497 0490 0519
1246807666 413499 0538 0524 0781 0495 0491 0520
1246807666 413512 0542 0511 0776 0496 0491 0521
1246807666 429507 0519 0512 0786 0497 0490 0521
1246807666 445500 0532 0522 0783 0494 0490 0521
1246807666 445514 0528 0529 0777 0496 0491 0522
1246807666 461502 0553 0512 0779 0493 0490 0519
1246807666 477501 0539 0500 0785 0496 0490 0522
1246807666 477515 0537 0519 0779 0494 0490 0520
1246807666 493498 0528 0540 0784 0496 0490 0521
1246807666 493511 0531 0537 0778 0495 0490 0519
1246807666 509502 0534 0505 0775 0497 0489 0520
1246807666 525499 0527 0519 0773 0496 0489 0519
1246807666 525512 0530 0536 0769 0495 0489 0519
1246807666 541500 0535 0552 0773 0496 0489 0518
1246807666 557508 0535 0524 0779 0497 0488 0518
1246807666 557525 0542 0493 0784 0498 0489 0515
1246807666 573512 0541 0499 0786 0495 0490 0516
1246807666 573528 0542 0543 0778 0495 0491 0513
1246807666 589503 0525 0535 0785 0494 0492 0512
1246807666 605504 0525 0501 0774 0497 0492 0511
1246807666 605519 0508 0482 0786 0495 0490 0511
1246807666 621499 0505 0489 0782 0495 0490 0510
1246807666 637497 0509 0535 0780 0493 0489 0508
1246807666 637511 0544 0526 0773 0495 0489 0507
1246807666 653498 0550 0522 0781 0496 0489 0506
1246807666 653511 0542 0492 0782 0495 0492 0505
1246807666 669501 0548 0503 0785 0494 0490 0507
1246807666 685498 0510 0521 0784 0494 0492 0506
1246807666 685511 0532 0537 0773 0496 0491 0506
1246807666 701500 0524 0517 0784 0496 0490 0505
1246807666 717496 0535 0501 0776 0495 0489 0505
1246807666 717509 0526 0519 0780 0498 0491 0505
1246807666 733503 0523 0535 0773 0494 0491 0505
1246807666 733518 0531 0525 0775 0494 0489 0503
1246807666 749502 0551 0516 0770 0497 0489 0503
1246807666 765498 0531 0508 0783 0497 0490 0502
1246807666 765512 0549 0524 0777 0494 0490 0501
1246807666 781497 0545 0509 0782 0494 0490 0501
1246807666 797496 0555 0509 0774 0494 0492 0498
1246807666 797509 0542 0507 0779 0493 0492 0499
1246807666 813497 0530 0522 0776 0493 0492 0496
1246807666 813510 0532 0523 0786 0494 0491 0497
1246807666 829502 0511 0499 0776 0494 0492 0495
1246807666 845497 0530 0506 0780 0492 0489 0496
1246807666 845510 0519 0518 0784 0493 0491 0494
1246807666 861499 0525 0548 0785 0493 0490 0493
1246807666 877501 0524 0520 0781 0496 0490 0493
1246807666 877516 0519 0523 0781 0495 0488 0492
1246807666 893500 0545 0521 0774 0496 0491 0490
1246807666 893513 0563 0524 0773 0496 0491 0491
1246807666 909500 0510 0542 0778 0495 0493 0490
1246807666 925498 0515 0512 0774 0493 0492 0488
1246807666 925510 0530 0496 0775 0494 0490 0484
1246807666 941497 0571 0509 0777 0490 0490 0484
1246807666 957499 0538 0528 0787 0493 0493 0485
1246807666 957513 0512 0542 0780 0496 0495 0483
1246807666 973497 0513 0510 0778 0493 0492 0483
1246807666 973510 0525 0483 0776 0491 0490 0481
1246807666 989501 0536 0514 0783 0492 0488 0483
1246807667 5499 0533 0547 0775 0492 0491 0480
1246807667 5591 0516 0541 0780 0492 0489 0481
1246807667 21987 0494 0514 0781 0492 0490 0479
1246807667 37503 0559 0519 0768 0492 0488 0478
1246807667 37517 0575 0542 0776 0495 0491 0479
1246807667 53501 0539 0552 0775 0495 0493 0481
1246807667 53515 0500 0521 0782 0499 0494 0478
1246807667 69508 0540 0466 0767 0494 0493 0476
1246807667 85503 0549 0509 0767 0495 0496 0475
1246807667 85517 0508 0536 0780 0492 0492 0477
1246807667 101500 0432 0501 0796 0494 0494 0473
1246807667 117500 0515 0468 0773 0489 0488 0471
1246807667 117513 0568 0491 0782 0492 0487 0472
1246807667 133501 0575 0557 0783 0492 0491 0473
1246807667 133516 0541 0581 0775 0494 0494 0475
1246807667 149505 0517 0496 0782 0495 0493 0472
1246807667 165499 0542 0506 0778 0494 0493 0474
1246807667 165513 0534 0525 0777 0495 0494 0474
1246807667 181503 0548 0536 0773 0494 0494 0472
1246807667 197501 0507 0495 0783 0495 0496 0472
1246807667 197515 0508 0477 0779 0494 0493 0473
1246807667 213499 0499 0489 0780 0492 0492 0472
1246807667 213512 0552 0515 0766 0492 0492 0469
1246807667 229501 0533 0535 0782 0490 0491 0471
1246807667 245504 0511 0560 0788 0495 0493 0472
1246807667 245519 0515 0527 0782 0493 0491 0473
1246807667 261498 0525 0488 0781 0496 0491 0474
1246807667 277499 0557 0522 0769 0496 0491 0474
1246807667 277513 0524 0528 0779 0496 0493 0474
1246807667 293496 0535 0518 0771 0493 0493 0472
1246807667 293509 0538 0488 0776 0492 0490 0475
1246807667 309501 0522 0500 0772 0493 0493 0471
1246807667 325529 0551 0529 0764 0488 0492 0470
1246807667 325549 0480 0504 0777 0490 0493 0472
1246807667 341501 0545 0555 0784 0489 0489 0473
1246807667 357495 0552 0519 0791 0493 0491 0474
1246807667 357508 0572 0593 0775 0495 0492 0475
1246807667 373499 0514 0527 0790 0496 0495 0477
1246807667 373512 0496 0458 0788 0494 0494 0476
1246807667 389502 0482 0437 0780 0492 0494 0478
1246807667 405497 0520 0535 0781 0490 0487 0474
1246807667 405511 0543 0538 0776 0494 0491 0470
1246807667 421497 0572 0498 0765 0494 0490 0475
1246807667 437494 0487 0473 0796 0491 0492 0475
1246807667 437507 0565 0537 0777 0492 0493 0472
1246807667 453498 0576 0621 0799 0492 0491 0476
1246807667 453511 0548 0571 0790 0498 0498 0476
1246807667 469501 0533 0431 0780 0496 0494 0475
1246807667 485504 0521 0416 0772 0495 0495 0475
1246807667 485519 0521 0520 0768 0487 0490 0471
1246807667 501497 0544 0561 0767 0489 0492 0470
1246807667 517497 0521 0473 0779 0492 0492 0473
1246807667 517510 0569 0575 0775 0492 0490 0471
1246807667 533498 0545 0544 0804 0492 0492 0475
1246807667 533511 0518 0589 0778 0496 0495 0474
1246807667 549514 0494 0475 0795 0493 0491 0473
1246807667 565501 0547 0439 0766 0497 0494 0476
1246807667 565514 0513 0465 0775 0494 0490 0473
1246807667 581502 0532 0555 0749 0493 0494 0473
1246807667 597501 0508 0532 0770 0489 0489 0475
1246807667 597515 0525 0565 0774 0492 0491 0472
1246807667 613501 0505 0502 0778 0491 0489 0476
1246807667 613515 0555 0541 0783 0497 0493 0469
1246807667 629507 0558 0554 0780 0491 0494 0475
1246807667 645499 0528 0485 0785 0494 0496 0472
1246807667 645512 0451 0499 0779 0493 0493 0472
1246807667 661500 0491 0467 0763 0490 0491 0472
1246807667 677496 0524 0521 0802 0484 0489 0470
1246807667 677509 0635 0575 0771 0496 0496 0470
1246807667 693501 0565 0647 0772 0496 0492 0474
1246807667 693515 0496 0419 0785 0501 0502 0471
1246807667 709501 0505 0435 0780 0493 0490 0475
1246807667 725498 0488 0509 0782 0489 0494 0470
1246807667 725511 0572 0542 0767 0488 0490 0473
1246807667 741498 0498 0497 0781 0489 0492 0470
1246807667 757499 0606 0518 0769 0494 0490 0473
1246807667 757514 0527 0633 0795 0498 0492 0473
1246807667 773498 0554 0622 0745 0500 0497 0474
1246807667 773510 0493 0450 0785 0496 0492 0475
1246807667 789511 0475 0406 0770 0491 0493 0473
1246807667 805500 0555 0451 0782 0487 0486 0475
1246807667 805513 0540 0569 0790 0488 0491 0473
1246807667 821502 0610 0644 0773 0491 0491 0474
1246807667 837497 0536 0493 0777 0496 0497 0475
1246807667 837510 0535 0518 0753 0493 0493 0475
1246807667 853502 0481 0504 0793 0491 0493 0477
1246807667 853516 0565 0512 0788 0492 0493 0474
1246807667 869502 0544 0511 0790 0493 0492 0474
1246807667 885497 0527 0467 0784 0493 0495 0475
1246807667 885510 0524 0522 0779 0494 0491 0477
1246807667 901499 0505 0554 0782 0491 0491 0474
1246807667 917496 0595 0612 0765 0495 0491 0476
1246807667 917510 0539 0536 0769 0498 0493 0478
1246807667 933505 0518 0449 0774 0495 0493 0477
1246807667 933520 0489 0446 0793 0491 0488 0477
1246807667 949500 0496 0497 0787 0488 0490 0473
1246807667 965498 0594 0623 0800 0489 0489 0478
1246807667 965511 0607 0526 0799 0496 0497 0473
1246807667 981498 0598 0622 0769 0501 0494 0482
1246807667 997497 0449 0422 0783 0497 0500 0478
1246807667 997510 0522 0419 0753 0494 0492 0476
1246807668 13498 0493 0461 0785 0493 0490 0476
1246807668 13512 0556 0568 0750 0487 0488 0472
1246807668 29647 0580 0591 0782 0491 0488 0478
1246807668 45500 0568 0475 0792 0491 0495 0476
1246807668 45513 0611 0583 0791 0498 0494 0480
1246807668 61497 0486 0543 0787 0496 0497 0480
1246807668 77526 0535 0431 0770 0498 0494 0478
1246807668 77546 0469 0449 0775 0495 0491 0478
1246807668 93499 0525 0456 0764 0486 0487 0477
1246807668 93512 0564 0692 0794 0490 0484 0478
1246807668 109507 0572 0654 0793 0496 0496 0480
1246807668 125499 0640 0462 0785 0501 0495 0481
1246807668 125512 0413 0444 0789 0498 0496 0485
1246807668 141498 0504 0447 0750 0489 0491 0482
1246807668 157496 0541 0512 0793 0489 0489 0479
1246807668 157509 0573 0637 0757 0489 0489 0483
1246807668 173497 0561 0560 0780 0496 0489 0481
1246807668 173510 0499 0493 0786 0496 0494 0485
1246807668 189501 0576 0482 0774 0495 0492 0478
1246807668 205501 0557 0570 0789 0493 0492 0483
1246807668 205516 0506 0533 0772 0499 0497 0479
1246807668 221498 0494 0482 0772 0493 0491 0481
1246807668 237507 0486 0411 0761 0491 0491 0480
1246807668 237522 0651 0576 0765 0490 0488 0476
1246807668 253501 0520 0735 0798 0491 0490 0483
1246807668 253515 0546 0483 0783 0500 0501 0478
1246807668 269503 0427 0418 0788 0495 0488 0480
1246807668 285501 0497 0427 0774 0492 0495 0473
1246807668 285514 0555 0504 0774 0489 0486 0475
1246807668 301503 0535 0662 0794 0488 0489 0473
1246807668 317499 0588 0554 0782 0494 0494 0474
1246807668 317512 0611 0610 0781 0500 0493 0476
1246807668 333501 0473 0450 0797 0502 0501 0482
1246807668 333515 0505 0364 0754 0495 0494 0473
1246807668 349504 0446 0467 0786 0488 0487 0475
1246807668 365503 0535 0576 0755 0483 0487 0470
1246807668 365516 0655 0626 0783 0488 0487 0470
1246807668 381504 0589 0529 0788 0498 0496 0478
1246807668 397496 0507 0476 0771 0497 0497 0478
1246807668 397510 0478 0483 0784 0494 0491 0478
1246807668 413499 0526 0513 0777 0491 0491 0473
1246807668 413512 0617 0494 0783 0491 0493 0475
1246807668 429501 0533 0561 0771 0493 0497 0478
1246807668 445498 0488 0543 0780 0492 0493 0478
1246807668 445511 0493 0577 0790 0492 0489 0474
1246807668 461498 0598 0542 0769 0494 0492 0479
1246807668 477495 0540 0451 0790 0498 0493 0478
1246807668 477508 0489 0512 0766 0496 0492 0480
1246807668 493497 0476 0454 0777 0488 0490 0476
1246807668 493510 0566 0647 0811 0488 0488 0477
1246807668 509501 0608 0569 0801 0498 0497 0478
1246807668 525498 0638 0655 0767 0504 0496 0483
1246807668 525511 0445 0409 0788 0500 0499 0481
1246807668 541504 0488 0406 0755 0492 0490 0482
1246807668 557512 0471 0457 0787 0487 0488 0476
1246807668 557528 0622 0581 0774 0486 0487 0476
1246807668 573500 0627 0621 0766 0497 0494 0475
1246807668 573513 0581 0609 0785 0493 0494 0481
1246807668 589504 0496 0444 0804 0500 0500 0484
1246807668 605502 0458 0480 0772 0495 0497 0479
1246807668 605516 0519 0495 0736 0491 0490 0480
1246807668 621501 0449 0506 0769 0487 0491 0480
1246807668 637498 0595 0704 0768 0487 0480 0479
1246807668 637512 0535 0677 0837 0491 0493 0482
1246807668 653501 0654 0446 0769 0503 0500 0480
1246807668 653515 0417 0411 0778 0499 0497 0485
1246807668 669506 0462 0471 0750 0491 0494 0481
1246807668 685505 0570 0515 0785 0487 0483 0482
1246807668 685520 0583 0683 0791 0490 0486 0480
1246807668 701499 0582 0552 0796 0495 0495 0482
1246807668 717496 0587 0466 0774 0500 0500 0482
1246807668 717570 0456 0496 0785 0493 0494 0484
1246807668 733502 0471 0485 0762 0491 0495 0478
1246807668 733516 0510 0431 0742 0483 0484 0480
1246807668 749503 0692 0598 0755 0490 0489 0473
1246807668 765498 0537 0677 0868 0494 0493 0484
1246807668 765511 0470 0501 0764 0503 0509 0481
1246807668 781497 0463 0307 0767 0488 0485 0481
1246807668 797495 0481 0448 0754 0490 0490 0479
1246807668 797508 0560 0448 0787 0480 0490 0481
1246807668 813499 0679 0649 0732 0498 0493 0477
1246807668 813512 0572 0812 0802 0492 0489 0479
1246807668 829537 0505 0325 0782 0505 0505 0480
1246807668 845500 0432 0362 0777 0490 0488 0481
1246807668 845514 0442 0392 0766 0488 0494 0479
1246807668 861499 0642 0732 0826 0483 0482 0473
1246807668 877497 0660 0666 0779 0499 0502 0473
1246807668 877510 0589 0563 0727 0507 0503 0482
1246807668 893498 0363 0362 0764 0492 0494 0484
1246807668 893511 0433 0379 0779 0486 0485 0475
1246807668 909503 0513 0521 0835 0482 0482 0471
1246807668 925498 0702 0700 0757 0489 0489 0468
1246807668 925511 0665 0652 0773 0502 0497 0471
1246807668 941500 0415 0400 0771 0501 0503 0480
1246807668 957496 0434 0364 0758 0492 0493 0472
1246807668 957509 0457 0400 0787 0485 0485 0469
1246807668 973495 0640 0743 0840 0486 0485 0470
1246807668 973508 0716 0666 0797 0496 0503 0466
1246807668 989508 0578 0618 0742 0509 0502 0478
1246807669 5503 0372 0298 0785 0494 0500 0477
1246807669 5517 0440 0356 0760 0491 0486 0467
1246807669 21497 0486 0563 0843 0482 0486 0469
1246807669 37498 0780 0675 0755 0494 0493 0459
1246807669 37511 0687 0802 0744 0502 0497 0471
1246807669 53498 0423 0263 0790 0502 0507 0480
1246807669 53511 0380 0369 0738 0487 0489 0472
1246807669 69502 0389 0335 0782 0478 0484 0471
1246807669 85498 0700 0836 0731 0483 0471 0462
1246807669 85511 0739 0782 0790 0498 0498 0471
1246807669 101498 0518 0282 0740 0511 0513 0478
1246807669 117495 0312 0319 0749 0483 0484 0478
1246807669 117508 0446 0331 0782 0486 0488 0468
1246807669 133507 0623 0805 0804 0482 0470 0466
1246807669 133522 0706 0854 0770 0497 0498 0467
1246807669 149507 0572 0488 0722 0503 0501 0479
1246807669 165500 0354 0236 0805 0488 0488 0478
1246807669 165513 0432 0298 0780 0487 0487 0467
1246807669 181502 0583 0772 0871 0481 0477 0469
1246807669 197504 0739 0746 0771 0494 0499 0464
1246807669 197519 0593 0699 0717 0509 0505 0475
1246807669 213500 0341 0282 0797 0498 0500 0474
1246807669 213514 0419 0382 0752 0490 0483 0468
1246807669 229505 0455 0391 0836 0480 0488 0469
1246807669 245501 0812 0725 0730 0490 0487 0464
1246807669 245515 0670 0845 0739 0492 0495 0471
1246807669 261504 0440 0313 0772 0506 0512 0475
1246807669 277500 0334 0384 0747 0486 0485 0474
1246807669 277513 0415 0232 0806 0487 0490 0469
1246807669 293503 0688 0844 0757 0484 0468 0464
1246807669 293519 0635 0826 0776 0491 0496 0472
1246807669 309498 0602 0441 0741 0505 0504 0472
1246807669 325498 0296 0395 0800 0484 0486 0472
1246807669 325511 0513 0308 0781 0489 0490 0466
1246807669 341498 0532 0672 0826 0484 0479 0470
1246807669 357499 0702 0804 0741 0493 0495 0465
1246807669 357512 0596 0515 0736 0502 0501 0470
1246807669 373497 0408 0345 0794 0494 0496 0471
1246807669 373510 0476 0351 0779 0491 0491 0465
1246807669 389504 0511 0567 0861 0483 0490 0467
1246807669 405497 0758 0602 0759 0500 0500 0463
1246807669 405510 0604 0811 0762 0503 0497 0471
1246807669 421500 0393 0367 0790 0507 0502 0468
1246807669 437501 0419 0361 0754 0487 0484 0468
1246807669 437516 0481 0352 0814 0490 0491 0464
1246807669 453501 0728 0689 0750 0490 0483 0464
1246807669 453516 0658 0856 0752 0497 0495 0468
1246807669 469502 0460 0456 0765 0506 0505 0470
1246807669 485496 0380 0379 0772 0485 0485 0467
1246807669 485510 0438 0297 0774 0486 0489 0463
1246807669 501496 0663 0835 0836 0479 0475 0459
1246807669 517497 0628 0803 0794 0499 0507 0462
1246807669 517510 0650 0566 0694 0501 0507 0463
1246807669 533498 0344 0257 0823 0487 0493 0466
1246807669 533511 0439 0324 0789 0484 0490 0458
1246807669 549514 0508 0525 0890 0481 0491 0454
1246807669 565504 0847 0786 0711 0497 0497 0449
1246807669 565518 0687 0734 0756 0498 0496 0464
1246807669 581530 0310 0238 0816 0506 0512 0469
1246807669 596493 0366 0323 0741 0487 0491 0463
1246807669 596506 0469 0372 0813 0482 0493 0457
1246807669 612498 0766 0693 0733 0486 0481 0459
1246807669 612511 0668 0857 0766 0504 0495 0470
1246807669 628499 0341 0426 0780 0514 0511 0483
1246807669 644494 0334 0367 0768 0488 0482 0485
1246807669 644506 0428 0379 0786 0486 0487 0469
1246807669 660497 0616 0594 0770 0478 0481 0475
1246807669 676492 0646 0748 0752 0489 0489 0476
1246807669 676504 0517 0538 0795 0501 0499 0489
1246807669 692494 0470 0460 0800 0497 0492 0486
1246807669 692507 0488 0396 0790 0492 0494 0488
1246807669 708498 0567 0576 0780 0494 0489 0493
1246807669 724493 0486 0563 0774 0499 0495 0495
1246807669 724506 0526 0518 0760 0498 0494 0494
1246807669 740517 0479 0472 0790 0494 0492 0495
1246807669 756494 0542 0516 0775 0491 0491 0496
1246807669 756507 0532 0544 0799 0493 0491 0497
1246807669 772496 0541 0567 0773 0496 0491 0500
1246807669 772509 0481 0541 0777 0497 0491 0506
1246807669 788498 0520 0513 0774 0495 0491 0500
1246807669 804495 0550 0507 0777 0495 0489 0506
1246807669 804507 0532 0520 0779 0494 0494 0505
1246807669 820494 0512 0581 0777 0493 0491 0507
1246807669 836493 0502 0549 0778 0495 0493 0506
1246807669 836505 0539 0528 0775 0496 0490 0508
1246807669 852494 0520 0512 0784 0498 0492 0511
1246807669 852507 0519 0533 0776 0495 0491 0511
1246807669 868498 0517 0541 0776 0493 0491 0512
1246807669 884516 0524 0540 0776 0495 0491 0512
1246807669 884533 0528 0527 0781 0497 0491 0514
1246807669 900496 0523 0523 0784 0498 0491 0515
1246807669 916494 0520 0531 0778 0495 0491 0516
1246807669 916507 0533 0530 0772 0495 0490 0515
1246807669 932495 0541 0512 0773 0495 0491 0516
1246807669 932507 0547 0515 0784 0496 0490 0516
1246807669 948499 0527 0521 0786 0498 0491 0516
1246807669 964495 0535 0520 0779 0495 0491 0515
1246807669 964508 0535 0514 0779 0495 0490 0514
1246807669 980498 0539 0514 0775 0496 0491 0515
1246807669 996515 0532 0528 0776 0493 0490 0515
1246807669 996532 0526 0519 0785 0495 0491 0515
1246807670 12497 0541 0522 0779 0494 0490 0515
1246807670 12511 0530 0519 0781 0493 0491 0515
1246807670 28498 0539 0521 0778 0496 0490 0515
1246807670 44511 0531 0518 0779 0495 0491 0515
1246807670 44527 0537 0517 0778 0496 0491 0515
1246807670 60493 0540 0514 0776 0494 0490 0514
1246807670 76496 0526 0524 0781 0496 0490 0515
1246807670 76509 0532 0524 0781 0495 0491 0514
1246807670 92494 0533 0519 0781 0495 0490 0515
1246807670 92507 0538 0514 0782 0495 0491 0515
1246807670 108498 0527 0520 0776 0496 0491 0514
1246807670 124497 0527 0524 0775 0495 0490 0515
1246807670 124509 0536 0523 0782 0494 0491 0514
1246807670 140495 0534 0519 0785 0497 0491 0515
1246807670 156491 0529 0529 0782 0495 0492 0516
1246807670 156503 0535 0516 0775 0496 0490 0515
1246807670 172492 0530 0518 0776 0496 0491 0514
1246807670 172505 0532 0520 0778 0493 0491 0515
1246807670 188522 0538 0521 0779 0495 0491 0515
1246807670 204500 0534 0525 0780 0494 0491 0514
1246807670 204513 0533 0516 0776 0498 0491 0515
1246807670 220509 0536 0514 0780 0494 0491 0515
1246807670 236502 0535 0521 0776 0494 0491 0516
1246807670 236517 0531 0517 0777 0495 0491 0515
1246807670 252494 0535 0515 0779 0493 0491 0514
1246807670 252507 0538 0516 0782 0495 0491 0515
1246807670 268501 0533 0521 0781 0496 0492 0515
1246807670 284498 0532 0520 0782 0496 0491 0515
1246807670 284511 0534 0515 0780 0495 0490 0514
1246807670 300495 0533 0519 0779 0496 0491 0514
1246807670 316492 0534 0519 0776 0495 0491 0515
1246807670 316504 0533 0522 0780 0495 0490 0514
1246807670 332524 0535 0524 0780 0495 0490 0514
1246807670 332542 0536 0524 0781 0494 0491 0515
1246807670 348498 0534 0522 0778 0496 0490 0515
1246807670 364496 0534 0522 0779 0495 0490 0515
1246807670 364508 0536 0521 0778 0496 0491 0514
1246807670 380495 0532 0523 0780 0496 0491 0514
1246807670 396496 0536 0524 0783 0493 0492 0515
1246807670 396509 0531 0517 0777 0497 0491 0515
1246807670 412494 0532 0521 0778 0494 0490 0515
1246807670 412506 0533 0514 0782 0493 0491 0514
1246807670 428502 0533 0519 0776 0495 0491 0515
1246807670 444495 0535 0518 0777 0495 0490 0515
1246807670 444507 0534 0520 0780 0493 0490 0514
1246807670 460495 0535 0513 0779 0495 0491 0514
1246807670 476492 0528 0520 0782 0496 0490 0515
1246807670 476505 0534 0505 0785 0495 0491 0514
1246807670 492515 0547 0526 0771 0496 0489 0516
1246807670 492533 0525 0513 0785 0492 0491 0513
1246807670 508498 0543 0522 0775 0496 0491 0515
1246807670 524494 0533 0512 0781 0494 0490 0515
1246807670 524506 0539 0521 0780 0496 0491 0514
1246807670 540494 0532 0519 0784 0495 0490 0514
1246807670 556523 0536 0521 0774 0494 0491 0514
1246807670 556544 0540 0514 0780 0494 0490 0514
1246807670 572495 0525 0523 0778 0495 0491 0515
1246807670 572508 0535 0519 0775 0496 0491 0515
1246807670 588499 0534 0520 0780 0496 0491 0515
1246807670 604496 0531 0523 0779 0494 0490 0514
1246807670 604509 0533 0522 0779 0496 0491 0515
1246807670 620493 0534 0519 0782 0494 0490 0515
1246807670 636514 0534 0518 0776 0496 0491 0515
1246807670 636532 0533 0519 0779 0494 0491 0514
1246807670 652495 0533 0523 0779 0496 0492 0515
1246807670 652508 0536 0522 0777 0496 0491 0514
1246807670 668499 0534 0523 0780 0494 0490 0515
1246807670 684493 0533 0519 0778 0495 0490 0515
1246807670 684506 0534 0519 0780 0496 0490 0515
1246807670 700496 0535 0519 0778 0497 0490 0515
1246807670 716494 0535 0520 0777 0495 0491 0514
1246807670 716507 0533 0523 0779 0495 0491 0515
1246807670 732494 0532 0521 0780 0494 0491 0515
1246807670 732506 0532 0518 0779 0495 0491 0515
1246807670 748497 0535 0518 0778 0494 0490 0514
1246807670 764495 0534 0519 0781 0493 0490 0515
1246807670 764507 0538 0518 0776 0495 0490 0515
1246807670 780495 0534 0522 0779 0495 0491 0515
1246807670 796512 0532 0522 0778 0494 0491 0515
1246807670 796530 0532 0519 0779 0497 0491 0515
1246807670 812498 0536 0521 0778 0497 0490 0515
1246807670 812511 0534 0517 0777 0495 0491 0515
1246807670 828497 0534 0520 0777 0494 0491 0515
1246807670 844494 0533 0524 0781 0494 0490 0515
1246807670 844507 0532 0519 0776 0496 0491 0515
1246807670 860493 0534 0521 0781 0496 0490 0515
1246807670 876491 0533 0519 0777 0494 0491 0515
1246807670 876503 0529 0518 0778 0496 0491 0515
1246807670 892495 0536 0519 0778 0495 0491 0514
1246807670 892507 0538 0516 0782 0495 0491 0515
1246807670 908501 0535 0521 0781 0496 0491 0515
1246807670 924493 0533 0518 0780 0497 0491 0514
1246807670 924506 0535 0515 0779 0495 0491 0515
1246807670 940517 0533 0518 0779 0496 0491 0515
1246807670 956494 0535 0519 0779 0496 0491 0515
1246807670 956507 0533 0519 0778 0497 0490 0514
1246807670 972493 0535 0516 0780 0495 0490 0514
1246807670 972506 0532 0519 0780 0496 0491 0515
1246807670 988496 0533 0517 0781 0495 0491 0515
1246807671 4496 0538 0520 0777 0495 0491 0514
1246807671 4510 0529 0523 0781 0494 0490 0515
1246807671 20497 0536 0513 0779 0495 0491 0515
1246807671 36494 0535 0521 0778 0497 0491 0515
1246807671 36507 0529 0519 0780 0494 0491 0515
1246807671 52496 0542 0523 0779 0495 0491 0515
1246807671 52508 0532 0523 0776 0496 0490 0515
1246807671 68497 0537 0516 0778 0496 0491 0515
1246807671 84520 0534 0518 0780 0495 0490 0515
1246807671 84537 0532 0519 0779 0495 0491 0514
1246807671 100498 0542 0524 0778 0496 0491 0514
1246807671 116493 0534 0524 0782 0496 0492 0514
1246807671 116506 0533 0520 0781 0496 0491 0515
1246807671 132495 0531 0518 0778 0495 0491 0514
1246807671 132508 0534 0518 0780 0496 0491 0515
1246807671 148499 0535 0518 0778 0495 0491 0515
1246807671 164494 0532 0521 0779 0496 0490 0514
1246807671 164507 0536 0524 0778 0494 0491 0515
1246807671 180495 0535 0522 0777 0495 0491 0515
1246807671 180507 0531 0520 0780 0496 0491 0514
1246807671 196500 0534 0515 0778 0496 0491 0515
1246807671 212498 0532 0521 0780 0495 0490 0514
1246807671 212511 0535 0519 0778 0496 0490 0514
1246807671 228502 0535 0521 0779 0496 0491 0515
1246807671 244513 0531 0522 0778 0495 0491 0515
1246807671 244530 0535 0519 0780 0497 0491 0515
1246807671 260494 0530 0518 0781 0497 0490 0515
1246807671 260506 0532 0521 0778 0496 0491 0515
1246807671 276500 0535 0521 0777 0494 0492 0514
1246807671 292500 0536 0520 0780 0496 0490 0515
1246807671 292513 0533 0519 0778 0494 0490 0514
1246807671 308498 0534 0517 0779 0495 0491 0515
1246807671 324497 0534 0517 0780 0495 0490 0515
1246807671 324510 0538 0521 0776 0498 0490 0515
1246807671 340495 0533 0520 0781 0495 0491 0515
1246807671 356492 0533 0519 0778 0497 0491 0515
1246807671 356504 0533 0519 0781 0496 0490 0515
1246807671 372492 0532 0519 0780 0496 0491 0515
1246807671 372504 0532 0520 0780 0494 0491 0515
1246807671 388521 0535 0521 0779 0497 0491 0515
1246807671 404495 0535 0520 0779 0496 0491 0515
1246807671 404507 0535 0521 0781 0496 0490 0515
1246807671 420495 0534 0520 0780 0497 0491 0515
1246807671 436493 0533 0518 0777 0497 0491 0515
1246807671 436506 0536 0518 0778 0495 0491 0515
1246807671 452493 0537 0521 0781 0496 0491 0514
1246807671 452505 0531 0520 0780 0496 0491 0515
1246807671 468498 0533 0521 0777 0496 0491 0515
1246807671 484497 0532 0519 0778 0497 0491 0515
1246807671 484510 0536 0520 0779 0495 0490 0515
1246807671 500493 0533 0522 0780 0493 0491 0515
1246807671 500506 0533 0519 0777 0495 0490 0514
1246807671 516497 0533 0522 0780 0494 0491 0515
1246807671 532498 0533 0521 0780 0496 0491 0514
1246807671 532510 0536 0524 0778 0496 0490 0515
1246807671 548545 0532 0521 0781 0496 0490 0515
1246807671 564495 0536 0518 0779 0495 0491 0515
1246807671 564508 0532 0517 0777 0495 0491 0515
1246807671 580495 0535 0519 0778 0495 0491 0515
1246807671 596492 0535 0517 0781 0495 0490 0515
1246807671 596504 0533 0521 0778 0498 0490 0515
1246807671 612499 0534 0519 0778 0492 0491 0515
1246807671 612512 0533 0517 0781 0496 0491 0515
1246807671 628499 0534 0519 0779 0495 0491 0515
1246807671 644497 0534 0523 0780 0498 0491 0514
1246807671 644510 0532 0524 0780 0496 0491 0514
1246807671 660496 0534 0517 0778 0495 0491 0515
1246807671 660508 0535 0521 0781 0496 0490 0514
1246807671 676498 0535 0519 0781 0495 0490 0515
1246807671 692516 0537 0522 0780 0495 0490 0515
1246807671 692533 0533 0519 0778 0494 0491 0515
1246807671 708500 0534 0519 0778 0497 0490 0515
1246807671 724495 0535 0522 0778 0495 0491 0515
1246807671 724507 0534 0522 0779 0496 0491 0515
1246807671 740496 0530 0520 0780 0497 0490 0515
1246807671 756494 0533 0519 0779 0496 0490 0514
1246807671 756506 0534 0522 0779 0494 0490 0515
1246807671 772495 0533 0517 0780 0496 0490 0515
1246807671 772508 0533 0520 0780 0495 0492 0514
1246807671 788499 0534 0519 0778 0495 0491 0515
1246807671 804496 0534 0520 0781 0495 0491 0514
1246807671 804508 0532 0519 0779 0493 0490 0514
1246807671 820494 0535 0521 0782 0495 0491 0514
1246807671 820506 0534 0517 0778 0496 0490 0515
1246807671 836526 0536 0518 0779 0495 0491 0515
1246807671 852499 0533 0519 0778 0496 0491 0514
1246807671 852512 0534 0518 0776 0494 0491 0515
1246807671 868498 0533 0519 0776 0495 0490 0514
1246807671 884495 0535 0519 0777 0495 0491 0515
1246807671 884508 0532 0521 0778 0494 0491 0515
1246807671 900493 0532 0520 0781 0494 0490 0514
1246807671 900505 0532 0518 0780 0496 0490 0515
1246807671 916497 0534 0520 0779 0497 0490 0515
1246807671 932493 0533 0519 0779 0495 0491 0515
1246807671 932505 0536 0516 0781 0496 0491 0514
1246807671 948499 0534 0519 0776 0496 0491 0515
1246807671 964495 0533 0522 0782 0495 0491 0515
1246807671 964508 0531 0520 0780 0496 0490 0515
1246807671 980495 0532 0519 0777 0493 0491 0515
1246807671 980508 0532 0517 0778 0496 0491 0515
1246807671 996521 0532 0518 0779 0496 0491 0515
1246807672 12502 0535 0519 0778 0497 0491 0515
1246807672 12517 0534 0518 0781 0494 0491 0515
1246807672 28499 0532 0521 0779 0494 0490 0515
1246807672 44494 0535 0524 0778 0495 0491 0514
1246807672 44506 0534 0521 0779 0496 0491 0515
1246807672 60498 0533 0516 0779 0495 0490 0515
1246807672 60511 0536 0521 0779 0496 0490 0515
1246807672 76497 0535 0522 0778 0495 0491 0515
1246807672 92495 0533 0521 0781 0495 0491 0514
1246807672 92507 0534 0520 0775 0495 0490 0515
1246807672 108499 0530 0519 0780 0494 0490 0515
1246807672 124495 0532 0520 0781 0495 0490 0515
1246807672 124508 0533 0521 0779 0494 04