1246807665.898796 0 0 0 0 0 0 0 0 0 3085 0 0 0 1 0 0
1246807665.914767 0 0 0 0 0 0 0 0 0 3085 -22 24 2 1 0 0
1246807665.930757 0 0 0 0 0 0 0 0 0 3085 -44 48 4 1 0 0
1246807665.946755 0 0 0 0 0 0 0 0 0 3085 -66 72 6 1 0 0
1246807665.962763 0 0 0 1 0 0 0 48 0 3085 -87 96 8 0 1 0
1246807665.962845 0 0 0 1 0 0 0 48 0 3086 -108 120 10 -4 6 0
1246807665.978805 0 0 0 1 0 0 0 48 0 3086 -129 144 12 -14 16 0
1246807665.994756 2 1 1 3 0 3 87 37 59 3086 -150 168 14 -24 25 0
1246807666.010763 11 1 1 -5 -3 8 89 39 55 3086 -172 192 16 -30 32 0
1246807666.026763 19 2 -4 -15 -9 15 87 42 62 3086 -154 216 18 -38 42 0
1246807666.042752 31 3 -7 -27 -17 24 78 49 63 3086 -136 240 20 -45 55 0
1246807666.058755 43 3 -10 -49 -26 28 79 42 64 3086 -118 264 22 -48 71 0
1246807666.058834 55 0 -11 -68 -37 29 65 42 56 3085 -100 288 24 -48 92 0
1246807666.074751 70 -5 -13 -94 -48 29 54 51 60 3085 -82 312 26 -48 114 0
1246807666.090758 89 -12 -14 -128 -61 29 61 41 46 3085 -64 336 28 -44 143 0
1246807666.106749 112 -23 -15 -165 -77 27 76 39 67 3085 -46 343 30 -36 178 0
1246807666.122814 135 -37 -15 -214 -96 22 57 37 60 3085 -28 350 32 -25 217 0
1246807666.138759 160 -43 -12 -266 -121 19 51 41 51 3085 -10 357 34 -16 260 6
1246807666.154750 192 -44 -12 -321 -150 17 57 42 63 3085 8 364 36 -8 305 12
1246807666.154829 224 -44 -11 -375 -184 17 72 38 64 3085 26 371 38 0 352 15
1246807666.170757 259 -43 -8 -438 -222 17 66 46 66 3085 25 378 40 8 401 18
1246807666.186750 297 -42 -7 -502 -259 17 65 44 69 3085 2 385 42 15 456 21
1246807666.202759 337 -39 -6 -567 -300 19 72 45 54 3085 -21 392 44 22 511 24
1246807666.218752 380 -34 -5 -641 -344 22 64 45 61 3085 -44 399 46 27 568 27
1246807666.234753 427 -28 -5 -713 -389 26 77 46 50 3085 -67 406 48 30 626 28
1246807666.234844 473 -21 -5 -792 -438 34 72 43 56 3085 -90 413 50 31 686 29
1246807666.250747 522 -13 -4 -870 -485 43 58 52 60 3085 -113 420 52 31 747 30
1246807666.266763 573 -4 -2 -950 -537 54 56 50 61 3081 -136 427 41 29 811 31
1246807666.282784 630 4 -2 -1037 -588 70 88 49 60 3081 -159 434 30 24 875 31
1246807666.298755 692 13 -2 -1120 -645 91 78 53 61 3081 -182 441 19 17 942 31
1246807666.314750 754 22 -8 -1209 -699 112 75 59 66 3081 -205 448 8 6 1010 31
1246807666.330758 823 31 -12 -1297 -756 140 70 54 76 3081 -228 455 -3 -8 1080 31
1246807666.330843 894 41 -20 -1395 -817 174 67 54 66 3081 -251 449 -14 -27 1154 31
1246807666.346754 972 50 -30 -1492 -879 212 77 50 60 3081 -274 443 -25 -49 1229 31
1246807666.362750 1047 60 -46 -1584 -943 255 65 43 53 3076 -297 437 -36 -75 1306 31
1246807666.378747 1135 71 -66 -1685 -1005 304 65 38 58 3076 -320 457 -47 -107 1383 31
1246807666.394753 1225 82 -92 -1783 -1071 364 83 40 64 3076 -326 477 -58 -145 1462 31
1246807666.410747 1311 91 -122 -1887 -1135 428 63 42 61 3076 -332 497 -69 -186 1541 31
1246807666.410832 1412 97 -151 -1986 -1198 490 87 44 67 3076 -338 517 -80 -228 1623 31
1246807666.426799 1506 99 -187 -2098 -1263 560 73 43 59 3076 -344 537 -91 -272 1707 28
1246807666.442760 1610 100 -224 -2211 -1324 630 80 47 53 3076 -350 557 -102 -317 1794 24
1246807666.458751 1715 99 -261 -2322 -1391 704 74 55 72 3072 -356 577 -113 -361 1883 20
1246807666.474758 1814 104 -297 -2439 -1456 774 93 63 85 3072 -362 565 -124 -410 1973 18
1246807666.490758 1926 113 -333 -2554 -1531 850 95 59 75 3072 -368 553 -135 -458 2061 13
1246807666.506751 2033 127 -366 -2676 -1615 931 76 58 71 3072 -374 541 -146 -509 2150 7
1246807666.506828 2149 146 -399 -2799 -1695 1007 86 53 72 3072 -380 529 -157 -561 2242 -3
1246807666.522752 2263 164 -432 -2919 -1784 1092 92 60 90 3072 -386 517 -168 -616 2334 -16
1246807666.538754 2386 188 -470 -3047 -1870 1177 81 58 78 3072 -392 505 -179 -673 2427 -30
1246807666.554817 2511 217 -501 -3170 -1966 1271 90 39 76 3068 -398 493 -190 -734 2523 -49
1246807666.570155 2637 252 -537 -3306 -2065 1371 80 41 61 3068 -404 481 -201 -798 2620 -71
1246807666.585766 2772 288 -575 -3434 -2158 1472 65 39 79 3068 -410 469 -212 -867 2714 -96
1246807666.601754 2900 325 -619 -3568 -2254 1581 64 39 65 3068 -416 457 -223 -941 2805 -124
1246807666.601839 3028 367 -658 -3694 -2346 1685 75 42 63 3068 -422 445 -234 -1018 2889 -155
1246807666.617763 3157 412 -694 -3812 -2442 1793 85 32 78 3068 -428 447 -245 -1095 2971 -190
1246807666.633751 3274 457 -731 -3933 -2534 1892 76 45 64 3068 -434 449 -256 -1173 3053 -227
1246807666.649756 3393 508 -761 -4037 -2626 1999 84 46 70 3065 -440 451 -280 -1251 3135 -268
1246807666.665751 3506 559 -794 -4141 -2717 2105 79 49 73 3065 -446 453 -304 -1329 3211 -310
1246807666.681752 3622 613 -819 -4245 -2806 2206 81 46 69 3065 -452 455 -321 -1410 3279 -354
1246807666.681838 3734 667 -843 -4345 -2901 2314 90 45 62 3065 -468 457 -338 -1490 3346 -401
1246807666.697746 3850 730 -867 -4452 -2989 2412 82 50 58 3065 -484 459 -355 -1572 3415 -452
1246807666.713751 3964 794 -876 -4545 -3089 2516 97 58 73 3065 -500 461 -372 -1651 3485 -508
1246807666.729802 4076 860 -894 -4647 -3195 2623 92 48 69 3065 -516 463 -389 -1730 3555 -565
1246807666.745755 4195 934 -905 -4755 -3300 2725 93 48 92 3064 -532 465 -406 -1811 3626 -626
1246807666.761754 4308 1010 -909 -4871 -3414 2835 93 48 95 3064 -548 467 -423 -1894 3699 -689
1246807666.777750 4431 1096 -919 -4982 -3528 2944 98 44 103 3064 -564 469 -440 -1980 3773 -757
1246807666.777828 4561 1189 -922 -5097 -3654 3065 96 43 110 3064 -580 471 -457 -2071 3848 -830
1246807666.793750 4688 1281 -933 -5214 -3776 3187 106 46 102 3064 -596 473 -474 -2165 3922 -909
1246807666.809751 4827 1384 -941 -5325 -3905 3324 79 42 72 3064 -612 475 -491 -2268 3993 -991
1246807666.825748 4960 1488 -945 -5445 -4037 3466 97 34 63 3064 -628 462 -508 -2379 4063 -1077
1246807666.841749 5102 1605 -948 -5569 -4172 3598 90 42 56 3069 -644 449 -525 -2492 4133 -1168
1246807666.857757 5238 1721 -952 -5685 -4315 3740 87 42 60 3069 -660 436 -542 -2606 4202 -1267
1246807666.857847 5378 1844 -955 -5803 -4449 3876 89 47 65 3069 -676 423 -559 -2721 4271 -1369
1246807666.873793 5518 1969 -959 -5911 -4589 4014 78 56 74 3069 -692 410 -576 -2834 4336 -1476
1246807666.889753 5650 2088 -963 -6020 -4730 4156 74 55 91 3069 -708 397 -593 -2947 4399 -1583
1246807666.905751 5786 2211 -968 -6116 -4859 4293 83 51 91 3069 -724 384 -610 -3064 4461 -1690
1246807666.921747 5916 2328 -978 -6213 -4992 4442 96 54 105 3069 -740 371 -627 -3183 4517 -1796
1246807666.937750 6052 2457 -984 -6313 -5121 4586 96 54 98 3076 -756 358 -638 -3307 4569 -1903
1246807666.953761 6194 2600 -995 -6404 -5265 4754 93 55 95 3076 -772 345 -649 -3439 4619 -2014
1246807666.953848 6331 2733 -1007 -6500 -5397 4917 100 53 99 3076 -788 332 -660 -3578 4667 -2131
1246807666.969750 6470 2880 -1013 -6587 -5541 5086 77 50 78 3076 -804 319 -671 -3720 4712 -2251
1246807666.985746 6604 3025 -1015 -6680 -5689 5255 94 43 76 3076 -820 306 -682 -3864 4758 -2372
1246807667.001764 6747 3182 -1019 -6773 -5829 5418 80 45 79 3076 -830 293 -693 -4010 4802 -2500
1246807667.017766 6881 3330 -1021 -6858 -5979 5591 74 44 89 3076 -838 280 -704 -4157 4846 -2630
1246807667.033786 7023 3492 -1021 -6948 -6122 5753 76 48 111 3091 -846 267 -715 -4299 4887 -2762
1246807667.033912 7163 3647 -1026 -7033 -6270 5927 65 46 106 3091 -854 254 -726 -4441 4926 -2897
1246807667.049747 7293 3786 -1036 -7114 -6405 6099 89 42 99 3091 -862 241 -742 -4586 4961 -3034
1246807667.065752 7431 3930 -1050 -7189 -6529 6268 78 39 114 3091 -870 228 -758 -4730 4991 -3171
1246807667.081746 7561 4072 -1069 -7261 -6660 6457 97 38 108 3091 -878 215 -774 -4882 5015 -3304
1246807667.097752 7704 4228 -1092 -7339 -6789 6643 101 32 63 3091 -859 202 -790 -5041 5034 -3440
1246807667.113753 7846 4398 -1087 -7413 -6931 6831 84 32 88 3091 -840 189 -806 -5201 5053 -3578
1246807667.129744 7981 4573 -1090 -7492 -7074 7007 67 36 89 3091 -821 176 -822 -5357 5073 -3723
1246807667.129829 8119 4754 -1092 -7558 -7220 7189 78 41 100 3108 -802 163 -838 -5505 5089 -3877
1246807667.145743 8239 4918 -1092 -7622 -7361 7364 67 33 99 3108 -783 159 -854 -5648 5100 -4035
1246807667.161754 8364 5089 -1092 -7680 -7492 7523 70 37 104 3108 -764 155 -870 -5788 5106 -4194
1246807667.177812 8481 5243 -1092 -7733 -7627 7697 81 34 100 3108 -745 151 -886 -5927 5113 -4348
1246807667.193757 8602 5411 -1090 -7785 -7754 7863 97 49 89 3108 -726 147 -902 -6066 5115 -4498
1246807667.209756 8719 5588 -1084 -7838 -7890 8033 98 37 88 3108 -707 143 -914 -6206 5118 -4653
1246807667.225751 8831 5757 -1087 -7885 -8032 8204 93 38 77 3108 -688 139 -926 -6344 5123 -4809
1246807667.225832 8952 5949 -1072 -7940 -8173 8372 85 33 72 3130 -669 135 -938 -6477 5126 -4971
1246807667.241749 9062 6128 -1058 -7990 -8322 8542 75 34 60 3130 -650 131 -950 -6607 5128 -5142
1246807667.257762 9172 6314 -1036 -8045 -8456 8687 82 44 69 3130 -631 127 -962 -6732 5130 -5315
1246807667.273757 9271 6496 -1012 -8091 -8597 8832 71 39 100 3130 -612 123 -974 -6854 5134 -5485
1246807667.289764 9363 6667 -986 -8137 -8736 8974 83 43 101 3130 -593 119 -986 -6971 5135 -5646
1246807667.305746 9456 6849 -962 -8176 -8866 9105 99 37 98 3130 -574 115 -998 -7085 5135 -5809
1246807667.305831 9545 7024 -927 -8223 -9009 9244 89 45 95 3130 -555 111 -1010 -7195 5135 -5976
1246807667.321748 9643 7223 -895 -8266 -9146 9387 102 41 76 3154 -536 107 -1022 -7302 5134 -6146
1246807667.337787 9742 7426 -875 -8308 -9298 9537 81 38 57 3154 -517 103 -1034 -7412 5134 -6329
1246807667.353750 9825 7622 -830 -8364 -9454 9666 70 38 55 3154 -498 93 -1046 -7526 5138 -6513
1246807667.369758 9904 7826 -774 -8409 -9593 9772 68 33 55 3154 -479 83 -1058 -7630 5141 -6699
1246807667.385752 9969 8014 -709 -8443 -9737 9865 81 31 56 3154 -460 73 -1070 -7727 5140 -6872
1246807667.401753 10038 8218 -644 -8484 -9878 9949 89 34 76 3154 -441 63 -1082 -7816 5139 -7048
1246807667.401832 10111 8429 -572 -8527 -10032 10041 97 32 71 3154 -422 53 -1094 -7900 5139 -7229
1246807667.417749 10174 8642 -496 -8554 -10189 10133 95 39 71 3179 -403 43 -1106 -7981 5137 -7415
1246807667.433748 10240 8877 -416 -8589 -10338 10220 68 35 76 3179 -384 33 -1118 -8061 5134 -7614
1246807667.449751 10304 9102 -335 -8626 -10497 10307 38 29 87 3179 -365 23 -1130 -8137 5133 -7814
1246807667.465751 10360 9328 -247 -8656 -10642 10377 81 35 97 3179 -346 13 -1142 -8209 5131 -8016
1246807667.481816 10403 9553 -151 -8682 -10793 10442 83 44 99 3179 -327 3 -1154 -8274 5125 -8207
1246807667.481949 10452 9766 -52 -8715 -10951 10517 104 31 89 3179 -336 -7 -1166 -8334 5119 -8403
1246807667.497749 10514 10005 37 -8744 -11109 10602 92 31 78 3179 -345 -17 -1178 -8397 5114 -8604
1246807667.513753 10569 10244 137 -8779 -11280 10685 73 36 64 3203 -354 -27 -1190 -8469 5109 -8818
1246807667.529752 10620 10495 244 -8816 -11438 10755 74 28 59 3203 -341 -37 -1202 -8546 5104 -9034
1246807667.545822 10663 10739 344 -8847 -11604 10821 69 34 73 3203 -328 -47 -1214 -8619 5098 -9249
1246807667.561748 10701 10972 461 -8882 -11764 10875 86 38 65 3203 -315 -57 -1226 -8685 5090 -9459
1246807667.577765 10741 11214 575 -8916 -11932 10928 93 34 77 3203 -302 -67 -1242 -8747 5084 -9669
1246807667.577854 10777 11448 693 -8951 -12107 10985 93 35 58 3203 -289 -77 -1258 -8809 5077 -9881
1246807667.593748 10809 11701 822 -8985 -12274 11030 94 60 80 3203 -276 -87 -1274 -8868 5068 -10104
1246807667.609761 10832 11941 953 -9009 -12449 11064 86 37 70 3226 -263 -97 -1290 -8923 5057 -10333
1246807667.625804 10850 12201 1091 -9026 -12612 11094 83 38 52 3226 -250 -107 -1306 -8973 5043 -10560
1246807667.641762 10864 12457 1226 -9035 -12780 11119 81 46 65 3226 -237 -117 -1322 -9018 5026 -10786
1246807667.657751 10871 12698 1369 -9040 -12952 11142 97 42 77 3226 -224 -127 -1338 -9060 5004 -11012
1246807667.657839 10884 12968 1507 -9051 -13118 11166 100 39 70 3226 -211 -137 -1354 -9102 4984 -11246
1246807667.673746 10899 13240 1656 -9059 -13298 11192 78 37 71 3226 -198 -147 -1345 -9141 4968 -11487
1246807667.689758 10906 13519 1813 -9062 -13464 11202 78 39 71 3226 -185 -157 -1336 -9174 4950 -11729
1246807667.705754 10902 13794 1969 -9063 -13635 11202 88 43 83 3226 -172 -167 -1327 -9203 4930 -11969
1246807667.721748 10904 14043 2136 -9063 -13799 11201 102 43 90 3253 -159 -177 -1318 -9228 4908 -12202
1246807667.737751 10905 14320 2285 -9067 -13974 11206 92 38 85 3253 -146 -187 -1309 -9251 4885 -12437
1246807667.753750 10907 14601 2449 -9072 -14148 11212 93 51 96 3253 -133 -181 -1300 -9275 4861 -12676
1246807667.753835 10904 14886 2622 -9075 -14312 11206 78 45 101 3253 -120 -175 -1291 -9296 4838 -12919
1246807667.769748 10891 15144 2789 -9075 -14477 11186 99 52 118 3253 -107 -169 -1282 -9312 4816 -13154
1246807667.785813 10873 15413 2966 -9070 -14633 11161 101 47 110 3253 -94 -163 -1273 -9323 4793 -13385
1246807667.801750 10864 15688 3125 -9069 -14799 11154 83 48 114 3253 -81 -157 -1277 -9332 4771 -13619
1246807667.817769 10869 15961 3285 -9078 -14974 11152 104 51 101 3277 -76 -151 -1281 -9345 4752 -13850
1246807667.833745 10860 16253 3454 -9083 -15135 11137 88 54 108 3277 -71 -145 -1285 -9355 4735 -14094
1246807667.849744 10843 16534 3633 -9083 -15300 11111 98 39 109 3277 -66 -139 -1289 -9360 4718 -14335
1246807667.849988 10827 16815 3812 -9084 -15459 11086 101 58 104 3277 -61 -119 -1293 -9362 4702 -14576
1246807667.865763 10815 17096 3982 -9088 -15636 11064 99 48 106 3277 -56 -99 -1297 -9365 4689 -14815
1246807667.881752 10803 17377 4162 -9092 -15806 11044 91 51 81 3277 -51 -79 -1301 -9366 4681 -15055
1246807667.897755 10796 17670 4333 -9098 -15984 11027 91 52 97 3277 -46 -59 -1305 -9369 4677 -15300
1246807667.913752 10786 17953 4512 -9105 -16164 11006 99 43 99 3302 -41 -39 -1309 -9372 4674 -15542
1246807667.929808 10770 18244 4699 -9108 -16333 10972 106 56 101 3302 -36 -19 -1313 -9372 4672 -15784
1246807667.929939 10750 18516 4874 -9110 -16512 10935 105 61 115 3302 -31 1 -1317 -9372 4669 -16025
1246807667.945749 10743 18814 5055 -9120 -16687 10915 117 57 113 3302 -26 21 -1321 -9373 4667 -16265
1246807667.961750 10745 19120 5226 -9143 -16879 10896 85 52 110 3302 -21 41 -1325 -9378 4667 -16515
1246807667.977750 10738 19402 5410 -9152 -17059 10864 82 45 114 3302 -16 61 -1329 -9380 4666 -16765
1246807667.993759 10717 19693 5591 -9153 -17227 10817 96 47 107 3302 -11 81 -1333 -9380 4663 -17010
1246807668.009760 10702 19966 5780 -9162 -17408 10776 102 48 117 3302 -6 101 -1337 -9380 4662 -17253
1246807668.025752 10698 20267 5964 -9187 -17589 10757 105 46 113 3326 -1 121 -1341 -9380 4662 -17496
1246807668.025828 10702 20581 6137 -9214 -17784 10740 91 47 115 3326 4 141 -1345 -9385 4664 -17747
1246807668.041760 10697 20871 6328 -9230 -17966 10714 89 44 101 3326 9 161 -1349 -9388 4667 -18000
1246807668.057750 10687 21170 6507 -9252 -18154 10676 104 48 91 3326 14 181 -1353 -9388 4672 -18253
1246807668.073749 10679 21450 6696 -9283 -18349 10638 101 50 72 3326 19 201 -1357 -9388 4679 -18496
1246807668.089783 10677 21758 6887 -9323 -18546 10611 98 43 75 3326 24 221 -1361 -9388 4690 -18744
1246807668.105760 10686 22059 7067 -9377 -18761 10598 72 40 78 3326 29 241 -1364 -9388 4708 -18998
1246807668.105856 10688 22367 7255 -9430 -18961 10573 67 53 88 3350 34 261 -1367 -9388 4728 -19255
1246807668.121749 10680 22669 7451 -9466 -19167 10520 90 46 78 3350 39 281 -1370 -9388 4745 -19499
1246807668.137753 10678 22951 7657 -9519 -19375 10470 102 55 100 3350 44 301 -1373 -9388 4767 -19745
1246807668.153749 10689 23252 7840 -9582 -19581 10442 104 58 103 3350 49 283 -1376 -9388 4795 -19987
1246807668.169749 10702 23549 8034 -9651 -19804 10409 92 47 105 3350 54 265 -1379 -9388 4825 -20237
1246807668.185749 10706 23856 8245 -9719 -20010 10364 89 52 88 3350 59 247 -1382 -9388 4850 -20492
1246807668.201771 10710 24167 8444 -9783 -20222 10321 91 46 100 3350 55 229 -1385 -9387 4874 -20745
1246807668.201870 10718 24460 8646 -9851 -20428 10284 109 50 100 3372 51 211 -1388 -9387 4897 -20994
1246807668.217750 10727 24770 8843 -9917 -20649 10249 100 42 88 3372 47 193 -1391 -9387 4917 -21244
1246807668.233804 10740 25077 9045 -9988 -20879 10224 80 54 99 3372 43 175 -1394 -9387 4935 -21502
1246807668.249749 10755 25394 9248 -10061 -21095 10206 86 41 85 3372 39 157 -1397 -9387 4954 -21762
1246807668.265747 10760 25692 9447 -10111 -21310 10173 105 41 72 3372 35 139 -1400 -9387 4967 -22018
1246807668.281743 10756 26004 9664 -10162 -21519 10132 107 47 91 3372 31 121 -1403 -9384 4975 -22277
1246807668.297753 10760 26317 9859 -10214 -21740 10110 103 53 81 3372 27 103 -1406 -9384 4981 -22534
1246807668.297833 10774 26630 10051 -10260 -21959 10099 68 42 90 3372 23 85 -1409 -9384 4985 -22796
1246807668.313756 10776 26954 10235 -10284 -22157 10078 67 46 87 3391 19 67 -1412 -9384 4985 -23064
1246807668.329746 10765 27240 10442 -10301 -22360 10034 99 49 112 3391 15 81 -1415 -9384 4983 -23324
1246807668.345747 10757 27552 10645 -10318 -22552 9999 91 38 103 3391 11 95 -1418 -9384 4983 -23575
1246807668.361746 10767 27870 10822 -10359 -22764 9980 107 39 102 3391 7 109 -1421 -9384 4986 -23832
1246807668.377803 10776 28182 11013 -10402 -22967 9970 99 46 91 3391 3 123 -1424 -9385 4992 -24097
1246807668.377934 10776 28507 11201 -10424 -23171 9945 80 37 105 3391 -1 137 -1427 -9385 4994 -24364
1246807668.393761 10768 28798 11400 -10447 -23367 9909 95 34 98 3391 -5 151 -1430 -9385 4996 -24629
1246807668.409756 10767 29110 11597 -10483 -23561 9883 103 55 100 3413 -9 165 -1433 -9385 5000 -24885
1246807668.425754 10772 29413 11783 -10523 -23770 9863 95 34 83 3413 -13 179 -1436 -9386 5007 -25143
1246807668.441752 10775 29728 11977 -10563 -23969 9848 94 41 66 3413 -17 193 -1439 -9386 5014 -25406
1246807668.457748 10776 30050 12168 -10602 -24181 9824 87 39 77 3413 -21 207 -1442 -9386 5020 -25666
1246807668.473750 10777 30346 12376 -10650 -24396 9788 87 38 95 3413 -25 221 -1445 -9386 5031 -25928
1246807668.473828 10777 30660 12571 -10697 -24599 9756 111 48 89 3413 -29 235 -1448 -9386 5043 -26185
1246807668.489751 10785 30965 12776 -10751 -24819 9733 111 38 81 3413 -33 249 -1469 -9386 5056 -26442
1246807668.505748 10796 31295 12981 -10818 -25032 9714 71 40 82 3435 -14 263 -1490 -9386 5074 -26710
1246807668.521753 10801 31618 13186 -10874 -25255 9677 81 47 81 3435 5 277 -1511 -9387 5093 -26979
1246807668.537798 10796 31919 13401 -10911 -25460 9622 98 38 95 3435 13 291 -1532 -9387 5113 -27236
1246807668.553832 10799 32236 13609 -10980 -25687 9577 107 37 106 3435 21 305 -1553 -9387 5136 -27499
1246807668.553974 10819 32554 13818 -11058 -25920 9554 91 38 89 3435 29 319 -1574 -9387 5165 -27767
1246807668.569749 10838 32898 14040 -11136 -26144 9534 69 41 96 3435 37 333 -1587 -9387 5192 -28043
1246807668.585746 10841 33213 14252 -11204 -26374 9495 75 34 102 3435 45 347 -1600 -9387 5219 -28325
1246807668.601748 10848 33541 14480 -11281 -26593 9455 104 45 94 3435 53 361 -1613 -9387 5248 -28599
1246807668.617755 10867 33880 14693 -11357 -26837 9423 102 40 76 3457 61 375 -1626 -9387 5286 -28871
1246807668.633747 10895 34218 14920 -11445 -27085 9411 66 37 70 3457 69 389 -1639 -9387 5329 -29157
1246807668.649747 10914 34572 15139 -11523 -27324 9373 77 48 97 3457 77 403 -1652 -9386 5374 -29443
1246807668.649827 10919 34898 15381 -11603 -27568 9313 107 41 86 3457 85 417 -1665 -9382 5418 -29723
1246807668.665753 10933 35244 15617 -11688 -27806 9261 116 45 79 3457 93 431 -1678 -9373 5463 -30006
1246807668.681805 10966 35599 15835 -11782 -28067 9224 104 45 96 3457 101 445 -1691 -9366 5516 -30290
1246807668.697751 10992 35944 16066 -11876 -28316 9183 89 41 84 3457 109 459 -1704 -9358 5577 -30582
1246807668.713759 11008 36302 16297 -11960 -28573 9130 88 44 88 3480 117 473 -1717 -9348 5634 -30872
1246807668.729765 11024 36633 16533 -12057 -28827 9076 95 44 108 3480 125 454 -1730 -9333 5690 -31160
1246807668.729864 11051 36990 16770 -12155 -29072 9041 94 31 84 3480 133 435 -1743 -9320 5748 -31451
1246807668.745752 11082 37338 16995 -12249 -29339 9019 85 30 84 3480 141 416 -1756 -9307 5808 -31751
1246807668.761752 11103 37706 17233 -12340 -29589 8992 95 40 70 3480 149 397 -1763 -9293 5862 -32051
1246807668.777749 11111 38064 17472 -12424 -29853 8939 103 42 57 3480 157 378 -1770 -9277 5910 -32351
1246807668.793749 11123 38402 17717 -12519 -30131 8882 103 48 67 3480 165 359 -1777 -9259 5961 -32650
1246807668.809752 11149 38775 17943 -12613 -30394 8850 70 31 72 3497 173 340 -1784 -9240 6013 -32955
1246807668.825755 11162 39129 18185 -12701 -30660 8805 79 45 79 3497 181 321 -1791 -9219 6059 -33261
1246807668.825845 11154 39485 18447 -12771 -30898 8732 75 39 92 3497 189 302 -1798 -9196 6096 -33560
1246807668.841779 11153 39853 18694 -12849 -31161 8664 102 39 73 3497 197 283 -1805 -9171 6129 -33865
1246807668.857757 11172 40207 18944 -12945 -31415 8624 83 47 78 3497 205 264 -1812 -9145 6167 -34176
1246807668.873753 11181 40592 19185 -13032 -31684 8576 73 34 75 3497 213 245 -1819 -9117 6201 -34487
1246807668.889753 11168 40949 19455 -13090 -31939 8500 83 30 59 3497 197 226 -1826 -9088 6228 -34801
1246807668.905757 11158 41314 19722 -13165 -32189 8425 107 40 51 3497 181 207 -1833 -9060 6255 -35114
1246807668.921750 11165 41680 19970 -13251 -32464 8378 59 24 64 3517 165 188 -1840 -9036 6284 -35431
1246807668.921831 11169 42069 20223 -13327 -32721 8339 63 34 75 3517 149 198 -1847 -9014 6310 -35752
1246807668.937758 11152 42436 20472 -13364 -32971 8268 104 41 57 3517 133 208 -1854 -8997 6321 -36073
1246807668.953750 11135 42789 20733 -13415 -33225 8200 102 45 46 3517 117 218 -1861 -8982 6333 -36392
1246807668.969748 11139 43170 20975 -13482 -33472 8165 65 37 58 3517 101 228 -1868 -8971 6352 -36714
1246807668.985800 11146 43537 21228 -13547 -33734 8121 76 38 62 3517 85 238 -1875 -8963 6371 -37041
1246807669.001760 11132 43909 21497 -13578 -33971 8047 92 36 61 3517 69 248 -1882 -8958 6383 -37356
1246807669.001863 11115 44279 21754 -13617 -34228 7976 101 31 60 3537 53 258 -1885 -8951 6394 -37675
1246807669.017751 11130 44657 22010 -13693 -34482 7958 51 37 58 3537 37 268 -1888 -8946 6413 -38004
1246807669.033757 11136 45066 22250 -13757 -34756 7941 47 35 68 3537 21 278 -1891 -8946 6433 -38335
1246807669.049761 11124 45429 22511 -13791 -35011 7876 96 40 66 3537 5 288 -1894 -8946 6448 -38662
1246807669.065752 11110 45808 22780 -13846 -35255 7820 82 42 51 3537 -11 298 -1897 -8945 6461 -38985
1246807669.081749 11124 46179 23017 -13926 -35535 7807 68 43 53 6 -27 308 -1900 -8945 6487 -39318
1246807669.097748 11135 46571 23271 -14008 -35797 7779 72 44 70 6 -43 318 -1903 -8945 6516 -39647
1246807669.097827 11119 46951 23524 -14051 -36053 7708 94 38 71 6 -59 328 -1906 -8945 6538 -39967
1246807669.113754 11113 47308 23795 -14114 -36321 7663 100 45 46 6 -75 338 -1909 -8939 6560 -40291
1246807669.129803 11139 47708 24029 -14201 -36601 7655 83 39 70 6 -91 348 -1912 -8940 6594 -40623
1246807669.145757 11152 48088 24284 -14284 -36889 7625 60 33 71 6 -107 358 -1915 -8945 6629 -40952
1246807669.161749 11143 48471 24559 -14347 -37147 7558 81 35 62 6 -123 368 -1918 -8951 6657 -41274
1246807669.177747 11152 48863 24810 -14425 -37427 7519 72 27 48 6 -139 378 -1921 -8951 6687 -41601
1246807669.177833 11178 49243 25056 -14524 -37717 7511 65 38 56 6 -155 388 -1924 -8962 6729 -41934
1246807669.193743 11187 49639 25295 -14603 -38005 7485 82 42 63 6 -171 398 -1927 -8978 6769 -42261
1246807669.209758 11180 50001 25554 -14660 -38273 7433 103 42 47 27 -187 408 -1930 -8983 6799 -42584
1246807669.225748 11194 50384 25808 -14744 -38542 7414 98 47 62 27 -203 418 -1933 -8989 6831 -42911
1246807669.241762 11228 50767 26034 -14835 -38843 7413 50 46 53 27 -212 428 -1936 -9009 6877 -43243
1246807669.257749 11244 51148 26277 -14924 -39106 7399 80 47 73 27 -221 438 -1939 -9029 6922 -43564
1246807669.273747 11244 51529 26522 -14981 -39374 7360 94 33 60 27 -230 448 -1942 -9041 6958 -43878
1246807669.273841 11263 51898 26767 -15068 -39673 7347 98 36 55 50 -239 458 -1945 -9054 6999 -44205
1246807669.289813 11306 52283 26990 -15176 -39961 7347 60 40 56 50 -248 451 -1945 -9082 7057 -44532
1246807669.305752 11330 52648 27230 -15261 -40249 7337 89 58 59 50 -257 444 -1945 -9109 7109 -44856
1246807669.321747 11344 53026 27479 -15338 -40503 7325 91 44 63 50 -266 437 -1945 -9125 7151 -45178
1246807669.337751 11379 53404 27702 -15426 -40793 7330 94 48 69 50 -275 430 -1945 -9146 7195 -45500
1246807669.353754 11417 53769 27932 -15527 -41075 7336 73 45 75 50 -284 423 -1945 -9176 7249 -45825
1246807669.353844 11441 54147 28155 -15605 -41354 7335 87 51 91 50 -293 416 -1945 -9204 7297 -46147
1246807669.369750 11461 54504 28395 -15684 -41624 7331 99 53 95 50 -302 409 -1945 -9228 7334 -46469
1246807669.385750 11507 54889 28624 -15776 -41898 7339 78 55 71 50 -311 402 -1945 -9260 7376 -46793
1246807669.401749 11551 55263 28840 -15873 -42199 7358 56 56 66 50 -320 395 -1945 -9300 7425 -47119
1246807669.417752 11581 55650 29080 -15957 -42465 7361 77 52 49 74 -329 388 -1945 -9336 7471 -47444
1246807669.433805 11606 56042 29310 -16032 -42747 7359 100 31 68 74 -338 381 -1945 -9366 7511 -47767
1246807669.449757 11657 56415 29542 -16133 -43047 7375 79 32 53 74 -347 367 -1945 -9404 7551 -48094
1246807669.449849 11710 56807 29748 -16232 -43324 7396 63 38 86 74 -356 353 -1945 -9452 7597 -48419
1246807669.465751 11737 57162 29979 -16315 -43583 7397 86 41 83 74 -365 339 -1945 -9496 7634 -48742
1246807669.481752 11768 57540 30216 -16394 -43832 7396 87 31 92 98 -374 325 -1945 -9533 7662 -49060
1246807669.497749 11833 57926 30412 -16485 -44120 7433 75 34 77 98 -383 311 -1945 -9581 7697 -49386
1246807669.513757 11891 58284 30606 -16582 -44381 7480 66 40 93 98 -392 297 -1945 -9637 7735 -49715
1246807669.529751 11922 58659 30820 -16653 -44634 7496 85 39 69 98 -401 283 -1945 -9691 7755 -50031
1246807669.545822 11956 59013 31042 -16719 -44892 7522 108 38 63 98 -410 269 -1945 -9741 7766 -50351
1246807669.545955 12030 59399 31231 -16810 -45159 7597 72 28 53 98 -419 255 -1945 -9801 7784 -50678
1246807669.561757 12093 59769 31399 -16887 -45436 7685 66 37 49 98 -428 241 -1945 -9869 7806 -51008
1246807669.577755 12129 60138 31604 -16947 -45671 7711 111 37 39 98 -437 227 -1948 -9942 7815 -51328
