1246808341 692663 0532 0527 0779 0494 0491 0516
1246808341 708587 0533 0522 0779 0495 0491 0515
1246808341 708595 0534 0525 0780 0495 0492 0515
1246808341 724588 0536 0529 0781 0493 0491 0515
1246808341 740581 0534 0522 0779 0496 0492 0515
1246808341 740590 0534 0526 0777 0494 0491 0515
1246808341 756584 0530 0526 0780 0494 0491 0516
1246808341 756593 0533 0531 0779 0496 0491 0515
1246808341 772583 0533 0526 0780 0498 0491 0515
1246808341 788584 0531 0528 0781 0495 0490 0515
1246808341 788592 0531 0528 0777 0496 0491 0515
1246808341 804583 0535 0530 0780 0495 0491 0515
1246808341 820583 0533 0523 0780 0494 0490 0515
1246808341 820591 0529 0530 0779 0496 0491 0515
1246808341 836612 0531 0526 0779 0495 0491 0515
1246808341 836624 0534 0525 0781 0495 0491 0515
1246808341 852584 0532 0527 0779 0496 0491 0515
1246808341 868593 0531 0524 0780 0494 0490 0515
1246808341 868603 0530 0528 0780 0496 0491 0515
1246808341 884590 0533 0526 0779 0496 0491 0515
1246808341 900582 0534 0526 0781 0496 0490 0515
1246808341 900590 0531 0529 0779 0496 0491 0515
1246808341 916583 0540 0525 0777 0494 0490 0515
1246808341 916592 0533 0528 0779 0496 0491 0515
1246808341 932584 0537 0532 0779 0496 0491 0515
1246808341 948580 0531 0529 0779 0493 0489 0515
1246808341 948592 0535 0525 0778 0497 0491 0515
1246808341 964582 0529 0525 0779 0496 0491 0515
1246808341 980579 0530 0532 0779 0496 0490 0516
1246808341 980591 0535 0521 0780 0495 0490 0515
1246808341 996610 0533 0527 0780 0495 0491 0515
1246808341 996627 0532 0526 0782 0495 0490 0515
1246808342 11588 0535 0529 0779 0495 0490 0515
1246808342 27585 0527 0526 0779 0494 0491 0515
1246808342 27598 0533 0522 0778 0495 0491 0515
1246808342 43580 0530 0522 0782 0496 0492 0515
1246808342 59577 0529 0529 0777 0495 0491 0516
1246808342 59589 0540 0522 0780 0494 0490 0515
1246808342 75580 0537 0525 0780 0494 0491 0515
1246808342 75593 0533 0535 0781 0495 0490 0515
1246808342 91585 0526 0531 0773 0495 0492 0516
1246808342 107581 0547 0514 0780 0496 0491 0514
1246808342 107593 0518 0542 0779 0498 0491 0515
1246808342 123581 0532 0527 0779 0494 0492 0515
1246808342 139612 0539 0518 0776 0497 0490 0515
1246808342 139630 0517 0537 0781 0497 0491 0515
1246808342 155586 0544 0519 0778 0495 0491 0515
1246808342 155598 0536 0524 0780 0498 0490 0515
1246808342 171587 0526 0529 0782 0497 0491 0515
1246808342 187581 0536 0516 0778 0495 0490 0515
1246808342 187593 0529 0523 0780 0496 0490 0515
1246808342 203580 0535 0533 0779 0496 0491 0515
1246808342 219583 0537 0524 0777 0494 0490 0516
1246808342 219595 0522 0532 0781 0495 0491 0515
1246808342 235584 0535 0524 0778 0496 0491 0515
1246808342 235596 0536 0527 0778 0495 0490 0515
1246808342 251584 0532 0529 0780 0496 0490 0515
1246808342 267580 0540 0527 0778 0494 0490 0515
1246808342 267592 0533 0519 0781 0495 0491 0515
1246808342 283863 0536 0532 0777 0495 0491 0515
1246808342 299583 0536 0523 0779 0495 0490 0515
1246808342 299596 0532 0533 0778 0497 0491 0515
1246808342 315582 0530 0526 0778 0496 0490 0515
1246808342 315594 0530 0529 0782 0494 0490 0515
1246808342 331585 0532 0529 0777 0494 0490 0515
1246808342 347582 0536 0528 0779 0497 0490 0515
1246808342 347594 0535 0523 0777 0496 0491 0515
1246808342 363582 0533 0525 0781 0496 0491 0515
1246808342 379578 0537 0529 0779 0496 0490 0515
1246808342 379590 0533 0528 0778 0494 0491 0515
1246808342 395586 0531 0527 0779 0495 0490 0515
1246808342 395600 0531 0524 0780 0496 0490 0515
1246808342 411584 0534 0529 0779 0497 0491 0514
1246808342 427579 0534 0526 0780 0496 0491 0515
1246808342 427591 0529 0529 0777 0495 0491 0515
1246808342 443610 0527 0528 0777 0497 0490 0515
1246808342 459578 0533 0529 0779 0495 0490 0514
1246808342 459591 0533 0547 0791 0495 0491 0514
1246808342 475579 0451 0566 0776 0500 0495 0519
1246808342 475592 0569 0502 0777 0495 0489 0512
1246808342 491585 0526 0535 0784 0497 0490 0516
1246808342 507579 0526 0546 0782 0494 0492 0514
1246808342 507591 0548 0509 0778 0496 0490 0516
1246808342 523580 0522 0541 0780 0496 0490 0513
1246808342 539578 0541 0525 0778 0495 0491 0515
1246808342 539590 0537 0528 0780 0495 0489 0515
1246808342 555625 0524 0532 0778 0496 0492 0515
1246808342 555647 0536 0529 0779 0494 0491 0515
1246808342 571590 0531 0522 0778 0497 0490 0515
1246808342 587612 0532 0533 0781 0493 0490 0514
1246808342 587632 0536 0524 0781 0494 0491 0515
1246808342 603582 0533 0530 0777 0496 0490 0515
1246808342 619590 0529 0525 0780 0495 0491 0515
1246808342 619606 0539 0530 0776 0496 0490 0514
1246808342 635584 0531 0522 0778 0496 0491 0515
1246808342 635596 0534 0527 0781 0498 0490 0514
1246808342 651589 0533 0525 0780 0496 0491 0515
1246808342 667582 0531 0530 0779 0495 0490 0515
1246808342 667594 0535 0528 0778 0495 0491 0514
1246808342 683581 0534 0526 0780 0496 0492 0515
1246808342 699577 0532 0524 0781 0496 0491 0515
1246808342 699589 0534 0528 0781 0495 0489 0515
1246808342 715581 0531 0525 0778 0494 0491 0515
1246808342 715593 0530 0526 0778 0497 0492 0515
1246808342 731584 0529 0523 0782 0495 0490 0514
1246808342 747607 0534 0528 0778 0495 0490 0515
1246808342 747625 0531 0528 0778 0497 0491 0515
1246808342 763585 0532 0523 0780 0494 0490 0515
1246808342 779580 0538 0530 0778 0495 0490 0515
1246808342 779592 0535 0526 0780 0497 0490 0515
1246808342 795581 0530 0529 0778 0494 0490 0515
1246808342 795593 0534 0526 0777 0497 0490 0514
1246808342 811584 0529 0525 0780 0495 0490 0514
1246808342 827582 0554 0509 0779 0495 0490 0516
1246808342 827594 0536 0498 0772 0498 0490 0515
1246808342 843581 0517 0545 0774 0494 0492 0515
1246808342 859582 0546 0510 0785 0493 0490 0515
1246808342 859594 0531 0525 0780 0497 0491 0515
1246808342 875582 0539 0531 0778 0495 0490 0515
1246808342 875595 0531 0541 0779 0495 0491 0515
1246808342 891609 0527 0529 0783 0497 0490 0515
1246808342 907581 0528 0530 0779 0497 0491 0515
1246808342 907594 0529 0529 0774 0495 0489 0514
1246808342 923582 0533 0535 0779 0495 0491 0515
1246808342 939580 0540 0507 0779 0497 0490 0515
1246808342 939593 0532 0528 0782 0495 0490 0515
1246808342 955585 0537 0527 0780 0497 0490 0515
1246808342 955598 0535 0524 0779 0495 0490 0515
1246808342 971622 0528 0526 0781 0496 0491 0515
1246808342 987585 0538 0523 0779 0496 0491 0515
1246808342 987598 0531 0523 0781 0497 0490 0514
1246808343 3597 0543 0529 0777 0494 0491 0515
1246808343 19589 0523 0508 0776 0496 0490 0511
1246808343 19605 0510 0515 0785 0495 0492 0505
1246808343 36338 0464 0473 0785 0499 0492 0511
1246808343 36361 0519 0494 0781 0495 0491 0499
1246808343 51598 0511 0489 0783 0495 0491 0506
1246808343 67593 0514 0498 0779 0494 0491 0498
1246808343 67610 0496 0487 0786 0495 0492 0500
1246808343 83590 0534 0463 0780 0495 0489 0499
1246808343 99586 0537 0511 0781 0495 0491 0497
1246808343 99601 0527 0553 0781 0492 0492 0498
1246808343 115587 0537 0540 0777 0495 0492 0496
1246808343 115603 0524 0514 0785 0495 0490 0489
1246808343 131592 0565 0505 0768 0494 0491 0485
1246808343 147586 0553 0516 0780 0496 0491 0485
1246808343 147600 0504 0567 0774 0495 0492 0480
1246808343 163592 0543 0534 0779 0498 0491 0479
1246808343 179590 0565 0496 0783 0498 0492 0482
1246808343 179606 0550 0507 0780 0495 0491 0486
1246808343 195617 0546 0513 0775 0495 0492 0493
1246808343 195638 0523 0594 0780 0495 0488 0507
1246808343 211598 0546 0582 0777 0493 0488 0512
1246808343 227587 0605 0546 0775 0498 0489 0524
1246808343 227601 0544 0537 0777 0498 0490 0537
1246808343 243588 0507 0572 0775 0496 0489 0548
1246808343 259585 0536 0536 0781 0498 0489 0536
1246808343 259599 0519 0504 0779 0496 0491 0525
1246808343 275588 0534 0489 0785 0498 0491 0525
1246808343 275602 0537 0458 0783 0498 0492 0528
1246808343 291594 0496 0489 0783 0498 0494 0528
1246808343 307587 0484 0476 0776 0496 0491 0528
1246808343 307601 0495 0465 0786 0492 0486 0523
1246808343 323587 0547 0517 0780 0494 0487 0529
1246808343 339612 0596 0541 0779 0497 0487 0538
1246808343 339632 0487 0513 0792 0499 0489 0544
1246808343 355591 0513 0492 0777 0497 0488 0541
1246808343 355605 0604 0446 0756 0496 0486 0545
1246808343 371594 0651 0512 0757 0494 0487 0552
1246808343 387592 0604 0527 0779 0500 0495 0558
1246808343 387606 0467 0587 0773 0505 0498 0561
1246808343 403588 0443 0499 0799 0493 0480 0571
1246808343 419586 0473 0460 0778 0502 0489 0560
1246808343 419599 0597 0541 0771 0494 0478 0570
1246808343 435591 0620 0514 0746 0501 0492 0569
1246808343 435605 0676 0515 0758 0496 0488 0569
1246808343 451591 0370 0468 0848 0511 0501 0576
1246808343 467588 0456 0639 0728 0499 0488 0574
1246808343 467601 0540 0458 0794 0496 0476 0573
1246808343 483590 0704 0569 0745 0504 0485 0577
1246808343 499612 0617 0510 0792 0497 0488 0580
1246808343 499632 0479 0519 0791 0512 0502 0582
1246808343 515588 0385 0613 0779 0495 0483 0581
1246808343 515601 0531 0475 0768 0494 0480 0573
1246808343 531593 0662 0552 0764 0495 0478 0573
1246808343 547628 0676 0518 0771 0502 0492 0576
1246808343 547650 0652 0573 0750 0501 0498 0574
1246808343 563587 0370 0480 0854 0490 0483 0586
1246808343 579587 0322 0513 0817 0504 0484 0576
1246808343 579601 0592 0633 0705 0488 0474 0572
1246808343 595588 0763 0439 0746 0508 0489 0582
1246808343 595602 0746 0585 0755 0503 0493 0595
1246808343 611594 0250 0506 0875 0516 0507 0601
1246808343 627588 0421 0556 0769 0495 0483 0594
1246808343 627602 0451 0414 0822 0489 0472 0592
1246808343 643616 0809 0508 0753 0501 0489 0594
1246808343 659586 0697 0516 0790 0498 0497 0606
1246808343 659601 0317 0518 0824 0511 0502 0620
1246808343 675590 0306 0608 0763 0497 0483 0606
1246808343 675605 0438 0553 0720 0500 0471 0608
1246808343 691595 0883 0427 0744 0498 0482 0605
1246808343 707587 0563 0484 0822 0513 0503 0601
1246808343 707601 0422 0476 0818 0492 0482 0626
1246808343 723590 0227 0435 0836 0498 0480 0607
1246808343 739585 0667 0532 0736 0491 0481 0593
1246808343 739599 0499 0524 0720 0510 0500 0603
1246808343 755585 0569 0665 0754 0495 0476 0633
1246808343 755599 0356 0468 0816 0508 0492 0620
1246808343 771591 0643 0477 0669 0494 0487 0607
1246808343 787587 0637 0327 0794 0481 0451 0639
1246808343 787600 0383 0533 0840 0501 0479 0619
1246808343 803615 0549 0528 0755 0509 0500 0609
1246808343 803637 0567 0491 0745 0480 0454 0630
1246808343 819593 0500 0406 0782 0501 0492 0605
1246808343 835587 0475 0511 0808 0504 0484 0626
1246808343 835601 0432 0358 0810 0510 0493 0630
1246808343 851590 0583 0600 0785 0507 0493 0609
1246808343 867587 0228 0602 0828 0517 0496 0631
1246808343 867601 0767 0492 0630 0481 0471 0623
1246808343 883586 0466 0383 0881 0509 0492 0611
1246808343 899587 0587 0566 0768 0492 0479 0627
1246808343 899601 0447 0313 0841 0503 0483 0608
1246808343 915587 0228 0566 0794 0529 0511 0615
1246808343 915601 0634 0611 0665 0488 0469 0612
1246808343 931591 0548 0646 0740 0490 0472 0601
1246808343 947612 0557 0308 0968 0511 0502 0612
1246808343 947632 0601 0347 0798 0509 0499 0602
1246808343 963588 0433 0589 0697 0510 0505 0582
1246808343 979585 0549 0429 0816 0491 0466 0599
1246808343 979598 0589 0553 0755 0496 0481 0570
1246808343 995587 0776 0454 0801 0492 0502 0566
1246808343 995601 0592 0476 0922 0497 0476 0586
1246808344 11598 0288 0633 0786 0507 0507 0562
1246808344 27588 0771 0452 0685 0503 0492 0558
1246808344 27602 0396 0601 0778 0487 0461 0578
1246808344 43589 0473 0550 0776 0496 0499 0554
1246808344 43602 0584 0572 0813 0495 0481 0559
1246808344 59591 0388 0772 0692 0500 0488 0555
1246808344 75588 0670 0358 0802 0498 0481 0561
1246808344 75602 0568 0508 0823 0508 0498 0540
1246808344 91622 0401 0606 0774 0520 0503 0558
1246808344 107591 0457 0466 0824 0503 0486 0545
1246808344 107605 0477 0612 0765 0493 0488 0518
1246808344 123589 0663 0481 0722 0487 0491 0538
1246808344 123603 0526 0518 0804 0488 0489 0534
1246808344 139591 0243 0701 0805 0504 0497 0530
1246808344 155589 0468 0668 0733 0489 0478 0523
1246808344 155603 0717 0354 0768 0499 0488 0515
1246808344 171594 0510 0648 0767 0508 0493 0527
1246808344 187586 0406 0437 0792 0492 0490 0530
1246808344 187599 0567 0482 0785 0488 0477 0517
1246808344 203589 0609 0485 0857 0504 0494 0523
1246808344 203602 0704 0539 0759 0501 0499 0530
1246808344 219601 0424 0683 0763 0504 0497 0547
1246808344 235590 0331 0618 0767 0491 0494 0545
1246808344 235603 0504 0483 0782 0486 0468 0536
1246808344 251622 0726 0513 0781 0500 0494 0527
1246808344 267592 0771 0555 0760 0505 0503 0536
1246808344 267607 0479 0519 0791 0500 0494 0547
1246808344 283587 0279 0509 0836 0503 0487 0540
1246808344 299584 0631 0516 0777 0496 0478 0532
1246808344 299598 0762 0513 0713 0495 0491 0538
1246808344 315590 0916 0437 0676 0494 0504 0551
1246808344 315605 0351 0438 0889 0493 0481 0573
1246808344 331590 0289 0565 0832 0498 0486 0558
1246808344 347588 0686 0345 0791 0498 0482 0547
1246808344 347601 0708 0610 0681 0501 0495 0556
1246808344 363588 0503 0678 0767 0498 0482 0583
1246808344 363602 0274 0618 0808 0497 0488 0576
1246808344 379592 0633 0411 0807 0491 0481 0558
1246808344 395617 0626 0533 0762 0506 0491 0570
1246808344 395638 0485 0589 0799 0500 0488 0587
1246808344 411595 0467 0559 0741 0507 0492 0581
1246808344 427592 0642 0508 0763 0493 0487 0575
1246808344 427607 0530 0426 0851 0505 0489 0592
1246808344 443591 0490 0499 0783 0493 0481 0582
1246808344 443606 0513 0519 0771 0501 0494 0563
1246808344 459585 0761 0597 0724 0501 0494 0571
1246808344 475581 0483 0552 0822 0494 0485 0582
1246808344 475594 0342 0523 0835 0497 0486 0569
1246808344 491586 0483 0510 0774 0496 0485 0558
1246808344 507581 0736 0537 0714 0497 0489 0559
1246808344 507594 0509 0557 0826 0499 0489 0569
1246808344 523584 0341 0587 0760 0502 0501 0562
1246808344 523596 0420 0549 0782 0493 0476 0552
1246808344 539586 0608 0546 0768 0493 0486 0549
1246808344 555636 0742 0501 0760 0495 0487 0550
1246808344 555662 0476 0604 0784 0505 0497 0560
1246808344 571587 0368 0523 0824 0499 0492 0547
1246808344 587582 0434 0523 0797 0501 0488 0545
1246808344 587594 0574 0557 0773 0492 0479 0542
1246808344 603581 0663 0574 0739 0499 0493 0540
1246808344 603593 0582 0563 0783 0499 0492 0544
1246808344 619585 0446 0538 0783 0500 0496 0540
1246808344 635585 0463 0526 0783 0498 0489 0539
1246808344 635598 0496 0540 0782 0496 0487 0535
1246808344 651585 0604 0578 0754 0496 0488 0533
1246808344 667580 0533 0528 0791 0501 0492 0534
1246808344 667592 0462 0552 0795 0494 0488 0530
1246808344 683583 0493 0536 0779 0494 0485 0526
1246808344 683596 0601 0539 0775 0493 0486 0523
1246808344 699617 0588 0555 0765 0495 0490 0526
1246808344 715583 0519 0557 0772 0499 0493 0525
1246808344 715596 0485 0531 0786 0496 0491 0521
1246808344 731589 0523 0528 0775 0492 0488 0519
1246808344 747581 0566 0536 0776 0494 0489 0518
1246808344 747593 0577 0566 0774 0497 0491 0518
1246808344 763582 0515 0573 0781 0499 0493 0518
1246808344 763595 0513 0518 0788 0495 0492 0515
1246808344 779584 0527 0511 0781 0496 0489 0515
1246808344 795580 0551 0535 0771 0496 0490 0515
1246808344 795593 0546 0560 0778 0496 0492 0516
1246808344 811584 0513 0536 0783 0495 0491 0515
1246808344 827579 0522 0524 0779 0496 0491 0516
1246808344 827592 0539 0528 0782 0495 0491 0517
1246808344 843612 0531 0538 0781 0495 0491 0517
1246808344 843630 0518 0539 0784 0498 0491 0516
1246808344 859586 0531 0538 0779 0496 0490 0516
1246808344 875581 0531 0523 0781 0494 0490 0516
1246808344 875594 0533 0520 0776 0495 0491 0515
1246808344 891586 0531 0530 0778 0496 0490 0515
1246808344 907580 0534 0537 0779 0497 0490 0514
1246808344 907593 0531 0513 0784 0495 0491 0514
1246808344 923582 0529 0508 0783 0497 0491 0515
1246808344 923595 0527 0533 0782 0497 0489 0515
1246808344 939588 0545 0535 0774 0496 0491 0515
1246808344 955583 0534 0522 0781 0493 0490 0515
1246808344 955595 0526 0520 0776 0495 0491 0514
1246808344 971584 0534 0531 0778 0495 0491 0514
1246808344 987581 0530 0522 0780 0497 0491 0514
1246808344 987593 0535 0518 0778 0497 0491 0515
1246808345 3611 0533 0523 0780 0495 0490 0515
1246808345 3630 0536 0534 0778 0496 0491 0515
1246808345 19586 0527 0520 0780 0494 0491 0514
1246808345 35582 0534 0525 0779 0497 0490 0514
1246808345 35595 0534 0527 0782 0496 0491 0514
1246808345 51589 0532 0522 0778 0495 0491 0515
1246808345 67582 0533 0517 0780 0497 0490 0515
1246808345 67595 0533 0524 0780 0496 0490 0515
1246808345 83582 0532 0530 0775 0496 0490 0515
1246808345 83594 0533 0523 0779 0496 0491 0515
1246808345 99586 0531 0520 0784 0497 0491 0515
1246808345 115583 0534 0524 0779 0496 0490 0515
1246808345 115663 0533 0529 0779 0494 0490 0515
1246808345 131585 0533 0524 0778 0497 0490 0515
1246808345 147611 0533 0524 0779 0496 0490 0515
1246808345 147630 0532 0526 0777 0496 0490 0515
1246808345 163584 0535 0517 0779 0495 0490 0515
1246808345 163596 0515 0527 0777 0495 0490 0516
1246808345 179586 0556 0519 0781 0497 0492 0514
1246808345 195581 0522 0532 0785 0496 0490 0516
1246808345 195593 0521 0515 0777 0494 0491 0514
1246808345 211590 0545 0532 0781 0498 0490 0516
1246808345 227581 0533 0537 0784 0496 0491 0514
1246808345 227593 0532 0521 0773 0497 0492 0515
1246808345 243581 0525 0516 0778 0497 0491 0514
1246808345 243593 0532 0532 0774 0497 0490 0514
1246808345 259588 0535 0514 0778 0496 0491 0515
1246808345 275581 0532 0534 0779 0496 0490 0515
1246808345 275594 0526 0534 0782 0495 0491 0515
1246808345 291587 0542 0522 0780 0496 0490 0515
1246808345 307607 0526 0524 0783 0495 0490 0515
1246808345 307626 0534 0526 0776 0497 0491 0515
1246808345 323581 0531 0521 0782 0495 0490 0514
1246808345 323593 0533 0519 0777 0495 0492 0515
1246808345 339584 0529 0520 0780 0495 0491 0515
1246808345 355583 0533 0526 0781 0496 0490 0514
1246808345 355596 0534 0525 0780 0496 0490 0515
1246808345 371587 0533 0525 0780 0495 0491 0514
1246808345 387578 0536 0528 0783 0496 0490 0515
1246808345 387590 0530 0526 0786 0495 0491 0515
1246808345 403581 0535 0526 0777 0494 0491 0514
1246808345 403594 0532 0520 0778 0495 0491 0515
1246808345 419584 0530 0526 0780 0495 0491 0515
1246808345 435582 0532 0521 0777 0494 0490 0515
1246808345 435595 0533 0526 0779 0495 0491 0514
1246808345 451613 0537 0526 0785 0495 0491 0515
1246808345 467585 0531 0525 0780 0494 0491 0515
1246808345 467598 0536 0527 0781 0495 0490 0514
1246808345 483582 0530 0523 0780 0496 0491 0515
1246808345 483594 0531 0522 0777 0496 0490 0515
1246808345 499584 0532 0521 0779 0495 0491 0515
1246808345 515580 0533 0520 0779 0497 0490 0514
1246808345 515592 0531 0523 0781 0495 0491 0514
1246808345 531585 0536 0526 0778 0497 0491 0515
1246808345 547618 0533 0527 0782 0497 0491 0515
1246808345 547639 0537 0527 0783 0497 0490 0515
1246808345 563586 0537 0524 0781 0496 0491 0515
1246808345 563599 0531 0523 0778 0496 0491 0515
1246808345 579586 0534 0527 0778 0495 0491 0515
1246808345 595614 0529 0521 0775 0495 0491 0515
1246808345 595631 0533 0524 0782 0496 0491 0515
1246808345 611589 0532 0523 0782 0496 0491 0515
1246808345 627582 0533 0525 0782 0497 0490 0515
1246808345 627595 0530 0526 0782 0496 0490 0515
1246808345 643579 0533 0525 0785 0496 0491 0515
1246808345 643591 0531 0526 0781 0496 0491 0515
1246808345 659583 0535 0521 0777 0496 0491 0515
1246808345 675585 0534 0522 0777 0496 0491 0515
1246808345 675598 0532 0524 0780 0495 0491 0515
1246808345 691584 0530 0523 0779 0495 0490 0514
1246808345 707581 0533 0527 0778 0496 0491 0515
1246808345 707593 0529 0527 0778 0496 0492 0515
1246808345 723580 0533 0526 0780 0496 0491 0515
1246808345 723593 0532 0524 0779 0495 0491 0515
1246808345 739584 0533 0522 0780 0496 0491 0515
1246808345 755604 0530 0522 0780 0496 0490 0515
1246808345 755621 0531 0524 0778 0497 0491 0515
1246808345 771590 0530 0522 0779 0495 0491 0514
1246808345 787582 0535 0526 0780 0495 0491 0515
1246808345 787594 0531 0525 0779 0496 0491 0515
1246808345 803581 0529 0528 0782 0496 0491 0515
1246808345 803593 0532 0528 0782 0495 0490 0515
1246808345 819585 0535 0523 0781 0495 0490 0515
1246808345 835580 0532 0523 0781 0496 0491 0515
1246808345 835593 0533 0525 0778 0496 0491 0515
1246808345 851584 0530 0521 0778 0496 0490 0515
1246808345 867582 0532 0524 0777 0496 0491 0515
1246808345 867594 0533 0526 0780 0498 0491 0515
1246808345 883584 0532 0525 0782 0496 0491 0514
1246808345 883596 0534 0525 0779 0496 0491 0514
1246808345 899610 0533 0527 0778 0496 0491 0515
1246808345 915586 0530 0523 0780 0495 0491 0515
1246808345 915598 0530 0523 0779 0495 0491 0515
1246808345 931587 0532 0524 0778 0495 0491 0515
1246808345 947580 0529 0520 0779 0496 0491 0515
1246808345 947593 0532 0524 0780 0496 0490 0515
1246808345 963581 0532 0527 0782 0496 0491 0515
1246808345 963655 0533 0523 0779 0494 0491 0514
1246808345 979589 0535 0527 0781 0495 0491 0515
1246808345 995582 0535 0528 0779 0495 0490 0515
1246808345 995594 0535 0525 0779 0498 0490 0515
1246808346 11588 0531 0524 0780 0498 0490 0515
1246808346 27580 0529 0519 0779 0496 0490 0514
1246808346 27593 0534 0521 0780 0495 0490 0515
1246808346 43581 0533 0527 0780 0497 0491 0515
1246808346 43593 0533 0527 0778 0496 0491 0515
1246808346 59612 0535 0525 0779 0495 0491 0515
1246808346 75585 0531 0530 0783 0495 0491 0515
1246808346 75598 0531 0524 0780 0496 0491 0514
1246808346 91586 0530 0525 0781 0497 0490 0515
1246808346 107580 0534 0522 0778 0496 0490 0515
1246808346 107592 0534 0523 0777 0497 0490 0515
1246808346 123584 0532 0524 0779 0495 0490 0514
1246808346 123596 0534 0525 0780 0496 0490 0515
1246808346 139586 0532 0523 0781 0497 0490 0515
1246808346 155580 0535 0523 0779 0496 0491 0515
1246808346 155592 0534 0526 0781 0495 0491 0515
1246808346 171585 0532 0523 0780 0495 0491 0515
1246808346 187584 0535 0524 0777 0498 0491 0515
1246808346 187596 0531 0523 0779 0496 0490 0515
1246808346 203607 0529 0519 0778 0496 0491 0515
1246808346 203624 0534 0526 0781 0496 0490 0515
1246808346 219590 0531 0525 0780 0496 0490 0515
1246808346 235581 0531 0526 0779 0495 0491 0514
1246808346 235594 0533 0527 0782 0496 0490 0515
1246808346 251585 0531 0524 0779 0496 0490 0514
1246808346 267582 0531 0523 0777 0495 0491 0515
1246808346 267594 0531 0519 0776 0494 0490 0515
1246808346 283583 0533 0522 0775 0498 0491 0514
1246808346 283596 0530 0516 0781 0496 0491 0514
1246808346 299587 0532 0539 0775 0494 0489 0514
1246808346 315581 0529 0539 0786 0497 0491 0515
1246808346 315593 0543 0533 0782 0497 0491 0515
1246808346 331584 0530 0528 0786 0495 0490 0515
1246808346 347609 0532 0530 0782 0496 0491 0515
1246808346 347627 0537 0524 0774 0494 0490 0514
1246808346 363583 0524 0520 0774 0497 0491 0515
1246808346 363595 0532 0525 0772 0495 0490 0514
1246808346 379584 0526 0518 0777 0495 0490 0515
1246808346 395585 0532 0524 0777 0494 0490 0514
1246808346 395597 0533 0528 0784 0493 0490 0515
1246808346 411581 0540 0530 0784 0497 0491 0514
1246808346 427579 0535 0528 0784 0496 0491 0514
1246808346 427592 0535 0525 0779 0496 0492 0515
1246808346 443581 0528 0520 0780 0497 0491 0515
1246808346 443593 0527 0518 0774 0495 0491 0515
1246808346 459586 0533 0520 0777 0495 0491 0515
1246808346 475584 0531 0521 0779 0495 0490 0515
1246808346 475597 0536 0527 0780 0495 0490 0515
1246808346 491581 0532 0528 0784 0494 0490 0515
1246808346 507609 0534 0524 0782 0497 0491 0515
1246808346 507628 0537 0527 0783 0495 0491 0515
1246808346 523582 0531 0526 0780 0495 0491 0515
1246808346 523594 0529 0521 0779 0497 0491 0515
1246808346 539584 0527 0519 0776 0495 0490 0514
1246808346 555620 0529 0519 0776 0496 0490 0515
1246808346 555641 0534 0523 0779 0495 0490 0515
1246808346 571588 0537 0525 0782 0494 0490 0515
1246808346 587586 0533 0532 0783 0495 0491 0515
1246808346 587599 0537 0526 0783 0497 0491 0515
1246808346 603585 0535 0527 0783 0496 0491 0514
1246808346 603598 0531 0520 0777 0495 0491 0515
1246808346 619585 0527 0522 0776 0496 0490 0515
1246808346 635581 0530 0520 0771 0495 0491 0514
1246808346 635594 0532 0523 0776 0495 0490 0515
1246808346 651608 0533 0522 0777 0497 0491 0515
1246808346 667580 0533 0528 0782 0495 0491 0515
1246808346 667592 0535 0526 0783 0496 0491 0515
1246808346 683581 0535 0529 0783 0496 0491 0515
1246808346 683594 0529 0524 0782 0495 0490 0515
1246808346 699585 0534 0523 0776 0496 0490 0515
1246808346 715583 0530 0519 0777 0497 0490 0515
1246808346 715596 0532 0522 0774 0496 0489 0515
1246808346 731580 0531 0524 0776 0496 0491 0514
1246808346 747580 0535 0527 0781 0496 0490 0514
1246808346 747592 0534 0526 0781 0495 0490 0515
1246808346 763580 0535 0527 0783 0495 0491 0515
1246808346 763592 0536 0530 0780 0496 0491 0514
1246808346 779584 0533 0525 0781 0495 0490 0515
1246808346 795581 0531 0522 0779 0497 0491 0515
1246808346 795593 0528 0522 0775 0497 0491 0514
1246808346 811610 0534 0521 0777 0496 0490 0515
1246808346 827581 0531 0523 0777 0496 0491 0515
1246808346 827655 0533 0523 0778 0495 0491 0515
1246808346 843583 0534 0526 0784 0496 0491 0515
1246808346 843595 0537 0529 0781 0497 0490 0515
1246808346 859583 0532 0525 0778 0495 0491 0515
1246808346 875582 0535 0525 0777 0497 0491 0515
1246808346 875594 0536 0522 0778 0496 0490 0515
1246808346 891587 0529 0521 0777 0495 0491 0515
1246808346 907582 0534 0520 0778 0495 0491 0515
1246808346 907594 0532 0523 0780 0496 0491 0515
1246808346 923583 0536 0526 0783 0497 0490 0515
1246808346 923595 0534 0526 0782 0495 0491 0515
1246808346 939584 0529 0524 0783 0496 0491 0515
1246808346 955612 0533 0525 0776 0496 0490 0515
1246808346 955631 0530 0520 0777 0494 0490 0515
1246808346 971584 0529 0512 0770 0498 0491 0515
1246808346 987578 0528 0523 0771 0494 0490 0515
1246808346 987591 0540 0545 0785 0496 0492 0515
1246808347 3584 0547 0535 0795 0495 0492 0515
1246808347 3597 0531 0512 0781 0495 0491 0515
1246808347 19590 0527 0518 0775 0497 0490 0514
1246808347 35581 0534 0521 0773 0497 0491 0515
1246808347 35594 0531 0518 0774 0496 0491 0515
1246808347 51579 0519 0513 0774 0496 0491 0515
1246808347 67579 0528 0525 0776 0494 0491 0515
1246808347 67592 0544 0535 0787 0496 0491 0515
1246808347 83581 0541 0535 0789 0495 0491 0515
1246808347 83593 0535 0529 0788 0496 0491 0515
1246808347 99614 0533 0521 0778 0496 0491 0515
1246808347 115582 0522 0517 0768 0495 0491 0515
1246808347 115595 0530 0519 0768 0496 0492 0515
1246808347 131585 0534 0519 0778 0495 0490 0515
1246808347 147580 0535 0527 0782 0495 0490 0515
1246808347 147592 0531 0520 0781 0495 0491 0515
1246808347 163581 0537 0522 0780 0496 0490 0515
1246808347 163593 0542 0530 0782 0496 0490 0515
1246808347 179584 0537 0529 0783 0497 0491 0515
1246808347 195582 0530 0525 0778 0496 0491 0515
1246808347 195594 0529 0518 0776 0496 0491 0515
1246808347 211586 0528 0514 0775 0497 0491 0515
1246808347 227581 0531 0518 0773 0497 0492 0515
1246808347 227594 0534 0522 0779 0496 0491 0515
1246808347 243583 0531 0527 0781 0494 0491 0515
1246808347 243595 0537 0532 0784 0496 0491 0514
1246808347 259615 0533 0533 0786 0494 0490 0515
1246808347 275582 0533 0527 0781 0496 0491 0514
1246808347 275595 0537 0523 0778 0497 0491 0515
1246808347 291584 0531 0520 0773 0495 0491 0515
1246808347 307580 0531 0518 0774 0495 0491 0515
1246808347 307592 0535 0520 0777 0497 0491 0515
1246808347 323582 0537 0527 0782 0495 0491 0515
1246808347 323594 0530 0526 0786 0496 0491 0515
1246808347 339590 0530 0525 0782 0497 0490 0515
1246808347 355581 0535 0524 0781 0496 0491 0515
1246808347 355593 0536 0524 0780 0497 0491 0515
1246808347 371581 0529 0519 0776 0497 0491 0515
1246808347 387578 0532 0526 0774 0497 0491 0515
1246808347 387590 0530 0520 0781 0496 0491 0515
1246808347 403608 0532 0524 0778 0495 0490 0515
1246808347 403625 0535 0524 0783 0495 0491 0515
1246808347 419586 0538 0526 0780 0497 0491 0515
1246808347 435584 0533 0527 0783 0496 0491 0514
1246808347 435597 0529 0529 0781 0496 0491 0515
1246808347 451583 0533 0523 0780 0496 0491 0514
1246808347 467579 0530 0519 0780 0495 0491 0514
1246808347 467591 0531 0521 0775 0498 0491 0515
1246808347 483583 0530 0521 0775 0497 0491 0514
1246808347 483596 0530 0525 0780 0495 0491 0514
1246808347 499586 0534 0528 0780 0495 0490 0515
1246808347 515582 0531 0523 0785 0495 0491 0514
1246808347 515594 0534 0527 0780 0495 0491 0515
1246808347 531580 0534 0525 0780 0496 0490 0515
1246808347 547616 0528 0527 0778 0496 0491 0514
1246808347 547637 0533 0524 0778 0496 0491 0515
1246808347 563607 0531 0525 0777 0496 0491 0515
1246808347 563625 0532 0524 0780 0495 0490 0514
1246808347 579587 0533 0520 0780 0496 0491 0514
1246808347 595581 0536 0524 0781 0497 0491 0514
1246808347 595593 0534 0527 0782 0495 0491 0514
1246808347 611590 0532 0528 0779 0497 0491 0515
1246808347 627581 0532 0524 0781 0497 0490 0515
1246808347 627594 0530 0519 0778 0497 0490 0514
1246808347 643584 0535 0520 0780 0495 0491 0514
1246808347 643597 0531 0522 0778 0496 0490 0515
1246808347 659586 0532 0525 0779 0495 0491 0515
1246808347 675583 0532 0523 0781 